
0 	0 	0 	5.06094e-06 	
0 	0 	7.57621e+07 	5.41947e-06 	
0 	0 	1.07144e+08 	5.51286e-06 	
0 	0 	1.51524e+08 	5.62734e-06 	
0 	0 	1.69409e+08 	5.66522e-06 	
0 	0 	2.14288e+08 	5.76317e-06 	
0 	0 	2.27286e+08 	5.8027e-06 	
0 	0 	2.39581e+08 	5.84196e-06 	
0 	0 	2.73164e+08 	5.9643e-06 	
0 	0 	3.03049e+08 	6.10302e-06 	
0 	0 	3.12375e+08 	6.15008e-06 	
0 	0 	3.21431e+08 	6.19754e-06 	
0 	0 	3.38819e+08 	6.29352e-06 	
0 	0 	3.78811e+08 	6.56627e-06 	
0 	0 	3.78811e+08 	6.56627e-06 	
0 	0 	3.86313e+08 	6.62529e-06 	
0 	0 	4.07992e+08 	6.80382e-06 	
0 	0 	4.28575e+08 	6.98485e-06 	
0 	0 	4.41765e+08 	7.10381e-06 	
0 	0 	4.54573e+08 	7.22263e-06 	
0 	0 	4.60843e+08 	7.28182e-06 	
0 	0 	4.79162e+08 	7.45715e-06 	
0 	0 	4.85114e+08 	7.51487e-06 	
0 	0 	5.08228e+08 	7.7429e-06 	
0 	0 	5.30335e+08 	7.96642e-06 	
0 	0 	5.35719e+08 	8.02156e-06 	
0 	0 	5.35719e+08 	8.02156e-06 	
0 	0 	5.46328e+08 	8.13083e-06 	
0 	0 	5.51557e+08 	8.18496e-06 	
0 	0 	5.76987e+08 	8.45086e-06 	
0 	0 	5.91721e+08 	8.60671e-06 	
0 	0 	6.06097e+08 	8.75992e-06 	
0 	0 	6.10814e+08 	8.81042e-06 	
0 	0 	6.10814e+08 	8.81042e-06 	
0 	0 	6.24751e+08 	8.96092e-06 	
0 	0 	6.42863e+08 	9.15936e-06 	
0 	0 	6.47312e+08 	9.20863e-06 	
0 	0 	6.5173e+08 	9.25764e-06 	
0 	0 	6.77637e+08 	9.54703e-06 	
0 	0 	6.81859e+08 	9.59443e-06 	
0 	0 	6.86055e+08 	9.64159e-06 	
0 	0 	6.98492e+08 	9.78167e-06 	
0 	0 	6.98492e+08 	9.78167e-06 	
0 	0 	7.14738e+08 	9.96527e-06 	
0 	0 	7.18743e+08 	1.00106e-05 	
0 	0 	7.4617e+08 	1.03223e-05 	
0 	0 	7.50007e+08 	1.0366e-05 	
0 	0 	7.57621e+08 	1.04528e-05 	
0 	0 	7.57621e+08 	1.04528e-05 	
0 	0 	7.614e+08 	1.0496e-05 	
0 	0 	7.72625e+08 	1.06244e-05 	
0 	0 	7.80019e+08 	1.07091e-05 	
0 	0 	7.9098e+08 	1.08351e-05 	
0 	0 	8.05362e+08 	1.10009e-05 	
0 	0 	8.15983e+08 	1.11241e-05 	
0 	0 	8.19493e+08 	1.11657e-05 	
0 	0 	8.47046e+08 	1.14924e-05 	
0 	0 	8.57151e+08 	1.16124e-05 	
0 	0 	8.63821e+08 	1.16917e-05 	
0 	0 	8.83531e+08 	1.1927e-05 	
0 	0 	9.12297e+08 	1.22708e-05 	
0 	0 	9.24795e+08 	1.24203e-05 	
0 	0 	9.64294e+08 	1.28934e-05 	
0 	0 	9.70229e+08 	1.29646e-05 	
0 	0 	1.01928e+09 	1.35523e-05 	
0 	0 	1.07144e+09 	1.41767e-05 	
0 	1 	0 	0 	
0 	1 	7.57621e+07 	0 	
0 	1 	1.07144e+08 	0 	
0 	1 	1.51524e+08 	0 	
0 	1 	1.69409e+08 	0 	
0 	1 	2.14288e+08 	0 	
0 	1 	2.27286e+08 	7.75765e-07 	
0 	1 	2.39581e+08 	7.35509e-07 	
0 	1 	2.73164e+08 	6.65195e-07 	
0 	1 	3.03049e+08 	6.14256e-07 	
0 	1 	3.12375e+08 	6.01811e-07 	
0 	1 	3.21431e+08 	5.90782e-07 	
0 	1 	3.38819e+08 	5.7186e-07 	
0 	1 	3.78811e+08 	5.38619e-07 	
0 	1 	3.78811e+08 	5.38619e-07 	
0 	1 	3.86313e+08 	5.33555e-07 	
0 	1 	4.07992e+08 	5.20743e-07 	
0 	1 	4.28575e+08 	5.10731e-07 	
0 	1 	4.41765e+08 	5.05332e-07 	
0 	1 	4.54573e+08 	4.96809e-07 	
0 	1 	4.60843e+08 	4.92358e-07 	
0 	1 	4.79162e+08 	4.80184e-07 	
0 	1 	4.85114e+08 	4.76409e-07 	
0 	1 	5.08228e+08 	4.62942e-07 	
0 	1 	5.30335e+08 	4.5184e-07 	
0 	1 	5.35719e+08 	4.49363e-07 	
0 	1 	5.35719e+08 	4.49363e-07 	
0 	1 	5.46328e+08 	4.44704e-07 	
0 	1 	5.51557e+08 	4.42511e-07 	
0 	1 	5.76987e+08 	4.32889e-07 	
0 	1 	5.91721e+08 	4.2809e-07 	
0 	1 	6.06097e+08 	4.23812e-07 	
0 	1 	6.10814e+08 	4.22489e-07 	
0 	1 	6.10814e+08 	4.22489e-07 	
0 	1 	6.24751e+08 	4.18798e-07 	
0 	1 	6.42863e+08 	4.14463e-07 	
0 	1 	6.47312e+08 	4.13474e-07 	
0 	1 	6.5173e+08 	4.12519e-07 	
0 	1 	6.77637e+08 	4.07514e-07 	
0 	1 	6.81859e+08 	4.06821e-07 	
0 	1 	6.86055e+08 	4.0616e-07 	
0 	1 	6.98492e+08 	4.04388e-07 	
0 	1 	6.98492e+08 	4.04388e-07 	
0 	1 	7.14738e+08 	4.02424e-07 	
0 	1 	7.18743e+08 	4.02006e-07 	
0 	1 	7.4617e+08 	3.99568e-07 	
0 	1 	7.50007e+08 	3.99283e-07 	
0 	1 	7.57621e+08 	3.98758e-07 	
0 	1 	7.57621e+08 	3.98758e-07 	
0 	1 	7.614e+08 	3.98516e-07 	
0 	1 	7.72625e+08 	3.97869e-07 	
0 	1 	7.80019e+08 	3.97501e-07 	
0 	1 	7.9098e+08 	3.97036e-07 	
0 	1 	8.05362e+08 	3.96568e-07 	
0 	1 	8.15983e+08 	3.96337e-07 	
0 	1 	8.19493e+08 	3.96281e-07 	
0 	1 	8.47046e+08 	3.96235e-07 	
0 	1 	8.57151e+08 	3.96409e-07 	
0 	1 	8.63821e+08 	3.96563e-07 	
0 	1 	8.83531e+08 	3.96931e-07 	
0 	1 	9.12297e+08 	3.97798e-07 	
0 	1 	9.24795e+08 	3.98419e-07 	
0 	1 	9.64294e+08 	4.00955e-07 	
0 	1 	9.70229e+08 	4.01405e-07 	
0 	1 	1.01928e+09 	4.05935e-07 	
0 	1 	1.07144e+09 	4.11999e-07 	
0 	2 	0 	0 	
0 	2 	7.57621e+07 	0 	
0 	2 	1.07144e+08 	0 	
0 	2 	1.51524e+08 	0 	
0 	2 	1.69409e+08 	0 	
0 	2 	2.14288e+08 	0 	
0 	2 	2.27286e+08 	0 	
0 	2 	2.39581e+08 	0 	
0 	2 	2.73164e+08 	0 	
0 	2 	3.03049e+08 	7.00909e-07 	
0 	2 	3.12375e+08 	6.82188e-07 	
0 	2 	3.21431e+08 	6.66634e-07 	
0 	2 	3.38819e+08 	6.41908e-07 	
0 	2 	3.78811e+08 	5.98455e-07 	
0 	2 	3.78811e+08 	5.98455e-07 	
0 	2 	3.86313e+08 	5.91969e-07 	
0 	2 	4.07992e+08 	5.75121e-07 	
0 	2 	4.28575e+08 	5.62178e-07 	
0 	2 	4.41765e+08 	5.55161e-07 	
0 	2 	4.54573e+08 	5.45584e-07 	
0 	2 	4.60843e+08 	5.40703e-07 	
0 	2 	4.79162e+08 	5.2761e-07 	
0 	2 	4.85114e+08 	5.23668e-07 	
0 	2 	5.08228e+08 	5.08783e-07 	
0 	2 	5.30335e+08 	4.96167e-07 	
0 	2 	5.35719e+08 	4.93376e-07 	
0 	2 	5.35719e+08 	4.93376e-07 	
0 	2 	5.46328e+08 	4.88129e-07 	
0 	2 	5.51557e+08 	4.85661e-07 	
0 	2 	5.76987e+08 	4.74742e-07 	
0 	2 	5.91721e+08 	4.6918e-07 	
0 	2 	6.06097e+08 	4.64359e-07 	
0 	2 	6.10814e+08 	4.62871e-07 	
0 	2 	6.10814e+08 	4.62871e-07 	
0 	2 	6.24751e+08 	4.58723e-07 	
0 	2 	6.42863e+08 	4.53856e-07 	
0 	2 	6.47312e+08 	4.52747e-07 	
0 	2 	6.5173e+08 	4.51676e-07 	
0 	2 	6.77637e+08 	4.46008e-07 	
0 	2 	6.81859e+08 	4.45178e-07 	
0 	2 	6.86055e+08 	4.44387e-07 	
0 	2 	6.98492e+08 	4.42296e-07 	
0 	2 	6.98492e+08 	4.42296e-07 	
0 	2 	7.14738e+08 	4.39963e-07 	
0 	2 	7.18743e+08 	4.39446e-07 	
0 	2 	7.4617e+08 	4.3654e-07 	
0 	2 	7.50007e+08 	4.36205e-07 	
0 	2 	7.57621e+08 	4.35583e-07 	
0 	2 	7.57621e+08 	4.35583e-07 	
0 	2 	7.614e+08 	4.35296e-07 	
0 	2 	7.72625e+08 	4.34525e-07 	
0 	2 	7.80019e+08 	4.34082e-07 	
0 	2 	7.9098e+08 	4.33517e-07 	
0 	2 	8.05362e+08 	4.32934e-07 	
0 	2 	8.15983e+08 	4.32616e-07 	
0 	2 	8.19493e+08 	4.32531e-07 	
0 	2 	8.47046e+08 	4.32285e-07 	
0 	2 	8.57151e+08 	4.32398e-07 	
0 	2 	8.63821e+08 	4.32527e-07 	
0 	2 	8.83531e+08 	4.32892e-07 	
0 	2 	9.12297e+08 	4.33346e-07 	
0 	2 	9.24795e+08 	4.33711e-07 	
0 	2 	9.64294e+08 	4.35792e-07 	
0 	2 	9.70229e+08 	4.36185e-07 	
0 	2 	1.01928e+09 	4.40257e-07 	
0 	2 	1.07144e+09 	4.46079e-07 	
0 	3 	0 	0 	
0 	3 	7.57621e+07 	0 	
0 	3 	1.07144e+08 	0 	
0 	3 	1.51524e+08 	0 	
0 	3 	1.69409e+08 	0 	
0 	3 	2.14288e+08 	0 	
0 	3 	2.27286e+08 	0 	
0 	3 	2.39581e+08 	0 	
0 	3 	2.73164e+08 	0 	
0 	3 	3.03049e+08 	0 	
0 	3 	3.12375e+08 	0 	
0 	3 	3.21431e+08 	0 	
0 	3 	3.38819e+08 	0 	
0 	3 	3.78811e+08 	0 	
0 	3 	3.78811e+08 	0 	
0 	3 	3.86313e+08 	0 	
0 	3 	4.07992e+08 	0 	
0 	3 	4.28575e+08 	0 	
0 	3 	4.41765e+08 	0 	
0 	3 	4.54573e+08 	0 	
0 	3 	4.60843e+08 	0 	
0 	3 	4.79162e+08 	0 	
0 	3 	4.85114e+08 	0 	
0 	3 	5.08228e+08 	0 	
0 	3 	5.30335e+08 	0 	
0 	3 	5.35719e+08 	0 	
0 	3 	5.35719e+08 	0 	
0 	3 	5.46328e+08 	5.39442e-07 	
0 	3 	5.51557e+08 	5.37433e-07 	
0 	3 	5.76987e+08 	5.30289e-07 	
0 	3 	5.91721e+08 	5.27111e-07 	
0 	3 	6.06097e+08 	5.24044e-07 	
0 	3 	6.10814e+08 	5.23159e-07 	
0 	3 	6.10814e+08 	5.23159e-07 	
0 	3 	6.24751e+08 	5.20853e-07 	
0 	3 	6.42863e+08 	5.18281e-07 	
0 	3 	6.47312e+08 	5.17687e-07 	
0 	3 	6.5173e+08 	5.17133e-07 	
0 	3 	6.77637e+08 	5.14574e-07 	
0 	3 	6.81859e+08 	5.14266e-07 	
0 	3 	6.86055e+08 	5.13985e-07 	
0 	3 	6.98492e+08 	5.13308e-07 	
0 	3 	6.98492e+08 	5.13308e-07 	
0 	3 	7.14738e+08 	5.12773e-07 	
0 	3 	7.18743e+08 	5.12693e-07 	
0 	3 	7.4617e+08 	5.12649e-07 	
0 	3 	7.50007e+08 	5.12709e-07 	
0 	3 	7.57621e+08 	5.12875e-07 	
0 	3 	7.57621e+08 	5.12875e-07 	
0 	3 	7.614e+08 	5.12979e-07 	
0 	3 	7.72625e+08 	5.13372e-07 	
0 	3 	7.80019e+08 	5.13659e-07 	
0 	3 	7.9098e+08 	5.14081e-07 	
0 	3 	8.05362e+08 	5.14833e-07 	
0 	3 	8.15983e+08 	5.14156e-07 	
0 	3 	8.19493e+08 	5.13955e-07 	
0 	3 	8.47046e+08 	5.12898e-07 	
0 	3 	8.57151e+08 	5.12703e-07 	
0 	3 	8.63821e+08 	5.12627e-07 	
0 	3 	8.83531e+08 	5.12496e-07 	
0 	3 	9.12297e+08 	5.1133e-07 	
0 	3 	9.24795e+08 	5.11057e-07 	
0 	3 	9.64294e+08 	5.11245e-07 	
0 	3 	9.70229e+08 	5.11385e-07 	
0 	3 	1.01928e+09 	5.13437e-07 	
0 	3 	1.07144e+09 	5.17277e-07 	
0 	4 	0 	0 	
0 	4 	7.57621e+07 	0 	
0 	4 	1.07144e+08 	0 	
0 	4 	1.51524e+08 	0 	
0 	4 	1.69409e+08 	0 	
0 	4 	2.14288e+08 	0 	
0 	4 	2.27286e+08 	0 	
0 	4 	2.39581e+08 	0 	
0 	4 	2.73164e+08 	0 	
0 	4 	3.03049e+08 	0 	
0 	4 	3.12375e+08 	0 	
0 	4 	3.21431e+08 	0 	
0 	4 	3.38819e+08 	0 	
0 	4 	3.78811e+08 	0 	
0 	4 	3.78811e+08 	0 	
0 	4 	3.86313e+08 	0 	
0 	4 	4.07992e+08 	0 	
0 	4 	4.28575e+08 	0 	
0 	4 	4.41765e+08 	0 	
0 	4 	4.54573e+08 	0 	
0 	4 	4.60843e+08 	0 	
0 	4 	4.79162e+08 	0 	
0 	4 	4.85114e+08 	0 	
0 	4 	5.08228e+08 	0 	
0 	4 	5.30335e+08 	0 	
0 	4 	5.35719e+08 	0 	
0 	4 	5.35719e+08 	0 	
0 	4 	5.46328e+08 	0 	
0 	4 	5.51557e+08 	0 	
0 	4 	5.76987e+08 	0 	
0 	4 	5.91721e+08 	0 	
0 	4 	6.06097e+08 	0 	
0 	4 	6.10814e+08 	0 	
0 	4 	6.10814e+08 	0 	
0 	4 	6.24751e+08 	0 	
0 	4 	6.42863e+08 	0 	
0 	4 	6.47312e+08 	0 	
0 	4 	6.5173e+08 	0 	
0 	4 	6.77637e+08 	8.8371e-08 	
0 	4 	6.81859e+08 	8.84427e-08 	
0 	4 	6.86055e+08 	8.83546e-08 	
0 	4 	6.98492e+08 	8.80642e-08 	
0 	4 	6.98492e+08 	8.80642e-08 	
0 	4 	7.14738e+08 	8.7621e-08 	
0 	4 	7.18743e+08 	8.75247e-08 	
0 	4 	7.4617e+08 	8.69748e-08 	
0 	4 	7.50007e+08 	8.69089e-08 	
0 	4 	7.57621e+08 	8.67869e-08 	
0 	4 	7.57621e+08 	8.67869e-08 	
0 	4 	7.614e+08 	8.67303e-08 	
0 	4 	7.72625e+08 	8.65653e-08 	
0 	4 	7.80019e+08 	8.64688e-08 	
0 	4 	7.9098e+08 	8.63425e-08 	
0 	4 	8.05362e+08 	8.62053e-08 	
0 	4 	8.15983e+08 	8.60911e-08 	
0 	4 	8.19493e+08 	8.60495e-08 	
0 	4 	8.47046e+08 	8.57653e-08 	
0 	4 	8.57151e+08 	8.56867e-08 	
0 	4 	8.63821e+08 	8.56419e-08 	
0 	4 	8.83531e+08 	8.55467e-08 	
0 	4 	9.12297e+08 	8.54949e-08 	
0 	4 	9.24795e+08 	8.54991e-08 	
0 	4 	9.64294e+08 	8.56111e-08 	
0 	4 	9.70229e+08 	8.56426e-08 	
0 	4 	1.01928e+09 	8.60543e-08 	
0 	4 	1.07144e+09 	8.6686e-08 	
0 	5 	0 	0 	
0 	5 	7.57621e+07 	0 	
0 	5 	1.07144e+08 	0 	
0 	5 	1.51524e+08 	0 	
0 	5 	1.69409e+08 	0 	
0 	5 	2.14288e+08 	0 	
0 	5 	2.27286e+08 	0 	
0 	5 	2.39581e+08 	0 	
0 	5 	2.73164e+08 	0 	
0 	5 	3.03049e+08 	0 	
0 	5 	3.12375e+08 	0 	
0 	5 	3.21431e+08 	0 	
0 	5 	3.38819e+08 	0 	
0 	5 	3.78811e+08 	0 	
0 	5 	3.78811e+08 	0 	
0 	5 	3.86313e+08 	0 	
0 	5 	4.07992e+08 	0 	
0 	5 	4.28575e+08 	0 	
0 	5 	4.41765e+08 	0 	
0 	5 	4.54573e+08 	0 	
0 	5 	4.60843e+08 	0 	
0 	5 	4.79162e+08 	0 	
0 	5 	4.85114e+08 	0 	
0 	5 	5.08228e+08 	0 	
0 	5 	5.30335e+08 	0 	
0 	5 	5.35719e+08 	0 	
0 	5 	5.35719e+08 	0 	
0 	5 	5.46328e+08 	0 	
0 	5 	5.51557e+08 	0 	
0 	5 	5.76987e+08 	0 	
0 	5 	5.91721e+08 	0 	
0 	5 	6.06097e+08 	0 	
0 	5 	6.10814e+08 	0 	
0 	5 	6.10814e+08 	0 	
0 	5 	6.24751e+08 	0 	
0 	5 	6.42863e+08 	0 	
0 	5 	6.47312e+08 	0 	
0 	5 	6.5173e+08 	0 	
0 	5 	6.77637e+08 	0 	
0 	5 	6.81859e+08 	0 	
0 	5 	6.86055e+08 	0 	
0 	5 	6.98492e+08 	0 	
0 	5 	6.98492e+08 	0 	
0 	5 	7.14738e+08 	0 	
0 	5 	7.18743e+08 	0 	
0 	5 	7.4617e+08 	0 	
0 	5 	7.50007e+08 	0 	
0 	5 	7.57621e+08 	0 	
0 	5 	7.57621e+08 	0 	
0 	5 	7.614e+08 	0 	
0 	5 	7.72625e+08 	0 	
0 	5 	7.80019e+08 	0 	
0 	5 	7.9098e+08 	0 	
0 	5 	8.05362e+08 	0 	
0 	5 	8.15983e+08 	0 	
0 	5 	8.19493e+08 	0 	
0 	5 	8.47046e+08 	0 	
0 	5 	8.57151e+08 	3.2668e-07 	
0 	5 	8.63821e+08 	3.29093e-07 	
0 	5 	8.83531e+08 	3.29946e-07 	
0 	5 	9.12297e+08 	3.30443e-07 	
0 	5 	9.24795e+08 	3.30762e-07 	
0 	5 	9.64294e+08 	3.31743e-07 	
0 	5 	9.70229e+08 	3.31938e-07 	
0 	5 	1.01928e+09 	3.33947e-07 	
0 	5 	1.07144e+09 	3.36817e-07 	
1 	0 	0 	4.48504e-07 	
1 	0 	7.57621e+07 	4.54883e-07 	
1 	0 	1.07144e+08 	4.56024e-07 	
1 	0 	1.51524e+08 	4.56109e-07 	
1 	0 	1.69409e+08 	4.55698e-07 	
1 	0 	2.14288e+08 	4.54444e-07 	
1 	0 	2.27286e+08 	4.54068e-07 	
1 	0 	2.39581e+08 	4.52054e-07 	
1 	0 	2.73164e+08 	4.41431e-07 	
1 	0 	3.03049e+08 	4.32326e-07 	
1 	0 	3.12375e+08 	4.29499e-07 	
1 	0 	3.21431e+08 	4.26784e-07 	
1 	0 	3.38819e+08 	4.21669e-07 	
1 	0 	3.78811e+08 	4.10528e-07 	
1 	0 	3.78811e+08 	4.10528e-07 	
1 	0 	3.86313e+08 	4.08603e-07 	
1 	0 	4.07992e+08 	4.03236e-07 	
1 	0 	4.28575e+08 	3.98444e-07 	
1 	0 	4.41765e+08 	3.95573e-07 	
1 	0 	4.54573e+08 	3.92908e-07 	
1 	0 	4.60843e+08 	3.91698e-07 	
1 	0 	4.79162e+08 	3.88319e-07 	
1 	0 	4.85114e+08 	3.87271e-07 	
1 	0 	5.08228e+08 	3.83439e-07 	
1 	0 	5.30335e+08 	3.80121e-07 	
1 	0 	5.35719e+08 	3.79364e-07 	
1 	0 	5.35719e+08 	3.79364e-07 	
1 	0 	5.46328e+08 	3.77932e-07 	
1 	0 	5.51557e+08 	3.77254e-07 	
1 	0 	5.76987e+08 	3.74465e-07 	
1 	0 	5.91721e+08 	3.73191e-07 	
1 	0 	6.06097e+08 	3.72096e-07 	
1 	0 	6.10814e+08 	3.71787e-07 	
1 	0 	6.10814e+08 	3.71787e-07 	
1 	0 	6.24751e+08 	3.70955e-07 	
1 	0 	6.42863e+08 	3.70045e-07 	
1 	0 	6.47312e+08 	3.69851e-07 	
1 	0 	6.5173e+08 	3.6967e-07 	
1 	0 	6.77637e+08 	3.68829e-07 	
1 	0 	6.81859e+08 	3.68728e-07 	
1 	0 	6.86055e+08 	3.68637e-07 	
1 	0 	6.98492e+08 	3.68422e-07 	
1 	0 	6.98492e+08 	3.68422e-07 	
1 	0 	7.14738e+08 	3.68283e-07 	
1 	0 	7.18743e+08 	3.68274e-07 	
1 	0 	7.4617e+08 	3.68361e-07 	
1 	0 	7.50007e+08 	3.68397e-07 	
1 	0 	7.57621e+08 	3.68498e-07 	
1 	0 	7.57621e+08 	3.68498e-07 	
1 	0 	7.614e+08 	3.68559e-07 	
1 	0 	7.72625e+08 	3.68779e-07 	
1 	0 	7.80019e+08 	3.68956e-07 	
1 	0 	7.9098e+08 	3.69264e-07 	
1 	0 	8.05362e+08 	3.69749e-07 	
1 	0 	8.15983e+08 	3.70229e-07 	
1 	0 	8.19493e+08 	3.70405e-07 	
1 	0 	8.47046e+08 	3.71975e-07 	
1 	0 	8.57151e+08 	3.72639e-07 	
1 	0 	8.63821e+08 	3.731e-07 	
1 	0 	8.83531e+08 	3.74565e-07 	
1 	0 	9.12297e+08 	3.77107e-07 	
1 	0 	9.24795e+08 	3.7833e-07 	
1 	0 	9.64294e+08 	3.82561e-07 	
1 	0 	9.70229e+08 	3.83244e-07 	
1 	0 	1.01928e+09 	3.89375e-07 	
1 	0 	1.07144e+09 	3.97061e-07 	
1 	1 	0 	3.24128e-06 	
1 	1 	7.57621e+07 	3.82405e-06 	
1 	1 	1.07144e+08 	4.01614e-06 	
1 	1 	1.51524e+08 	4.26084e-06 	
1 	1 	1.69409e+08 	4.34672e-06 	
1 	1 	2.14288e+08 	4.55064e-06 	
1 	1 	2.27286e+08 	4.61482e-06 	
1 	1 	2.39581e+08 	4.67578e-06 	
1 	1 	2.73164e+08 	4.85015e-06 	
1 	1 	3.03049e+08 	5.02412e-06 	
1 	1 	3.12375e+08 	5.08078e-06 	
1 	1 	3.21431e+08 	5.13695e-06 	
1 	1 	3.38819e+08 	5.24812e-06 	
1 	1 	3.78811e+08 	5.57375e-06 	
1 	1 	3.78811e+08 	5.57375e-06 	
1 	1 	3.86313e+08 	5.64284e-06 	
1 	1 	4.07992e+08 	5.84876e-06 	
1 	1 	4.28575e+08 	6.05226e-06 	
1 	1 	4.41765e+08 	6.1846e-06 	
1 	1 	4.54573e+08 	6.31534e-06 	
1 	1 	4.60843e+08 	6.37994e-06 	
1 	1 	4.79162e+08 	6.57023e-06 	
1 	1 	4.85114e+08 	6.63254e-06 	
1 	1 	5.08228e+08 	6.87693e-06 	
1 	1 	5.30335e+08 	7.11405e-06 	
1 	1 	5.35719e+08 	7.17221e-06 	
1 	1 	5.35719e+08 	7.17221e-06 	
1 	1 	5.46328e+08 	7.2872e-06 	
1 	1 	5.51557e+08 	7.34404e-06 	
1 	1 	5.76987e+08 	7.62205e-06 	
1 	1 	5.91721e+08 	7.78417e-06 	
1 	1 	6.06097e+08 	7.943e-06 	
1 	1 	6.10814e+08 	7.99525e-06 	
1 	1 	6.10814e+08 	7.99525e-06 	
1 	1 	6.24751e+08 	8.15039e-06 	
1 	1 	6.42863e+08 	8.3537e-06 	
1 	1 	6.47312e+08 	8.40394e-06 	
1 	1 	6.5173e+08 	8.45386e-06 	
1 	1 	6.77637e+08 	8.74768e-06 	
1 	1 	6.81859e+08 	8.79568e-06 	
1 	1 	6.86055e+08 	8.8434e-06 	
1 	1 	6.98492e+08 	8.98499e-06 	
1 	1 	6.98492e+08 	8.98499e-06 	
1 	1 	7.14738e+08 	9.1702e-06 	
1 	1 	7.18743e+08 	9.21589e-06 	
1 	1 	7.4617e+08 	9.5292e-06 	
1 	1 	7.50007e+08 	9.57306e-06 	
1 	1 	7.57621e+08 	9.66016e-06 	
1 	1 	7.57621e+08 	9.66016e-06 	
1 	1 	7.614e+08 	9.70341e-06 	
1 	1 	7.72625e+08 	9.83192e-06 	
1 	1 	7.80019e+08 	9.91661e-06 	
1 	1 	7.9098e+08 	1.00424e-05 	
1 	1 	8.05362e+08 	1.02075e-05 	
1 	1 	8.15983e+08 	1.03302e-05 	
1 	1 	8.19493e+08 	1.03714e-05 	
1 	1 	8.47046e+08 	1.06944e-05 	
1 	1 	8.57151e+08 	1.08127e-05 	
1 	1 	8.63821e+08 	1.0891e-05 	
1 	1 	8.83531e+08 	1.11223e-05 	
1 	1 	9.12297e+08 	1.14597e-05 	
1 	1 	9.24795e+08 	1.16061e-05 	
1 	1 	9.64294e+08 	1.20685e-05 	
1 	1 	9.70229e+08 	1.21378e-05 	
1 	1 	1.01928e+09 	1.271e-05 	
1 	1 	1.07144e+09 	1.33158e-05 	
1 	2 	0 	2.01118e-06 	
1 	2 	7.57621e+07 	1.96227e-06 	
1 	2 	1.07144e+08 	1.85775e-06 	
1 	2 	1.51524e+08 	1.71938e-06 	
1 	2 	1.69409e+08 	1.66333e-06 	
1 	2 	2.14288e+08 	1.51397e-06 	
1 	2 	2.27286e+08 	1.47777e-06 	
1 	2 	2.39581e+08 	1.44644e-06 	
1 	2 	2.73164e+08 	1.37331e-06 	
1 	2 	3.03049e+08 	1.32084e-06 	
1 	2 	3.12375e+08 	1.30668e-06 	
1 	2 	3.21431e+08 	1.29374e-06 	
1 	2 	3.38819e+08 	1.271e-06 	
1 	2 	3.78811e+08 	1.22839e-06 	
1 	2 	3.78811e+08 	1.22839e-06 	
1 	2 	3.86313e+08 	1.22185e-06 	
1 	2 	4.07992e+08 	1.18458e-06 	
1 	2 	4.28575e+08 	1.15219e-06 	
1 	2 	4.41765e+08 	1.13329e-06 	
1 	2 	4.54573e+08 	1.11606e-06 	
1 	2 	4.60843e+08 	1.10802e-06 	
1 	2 	4.79162e+08 	1.08666e-06 	
1 	2 	4.85114e+08 	1.08013e-06 	
1 	2 	5.08228e+08 	1.05662e-06 	
1 	2 	5.30335e+08 	1.0368e-06 	
1 	2 	5.35719e+08 	1.03243e-06 	
1 	2 	5.35719e+08 	1.03243e-06 	
1 	2 	5.46328e+08 	1.02418e-06 	
1 	2 	5.51557e+08 	1.02028e-06 	
1 	2 	5.76987e+08 	1.0028e-06 	
1 	2 	5.91721e+08 	9.93721e-07 	
1 	2 	6.06097e+08 	9.85555e-07 	
1 	2 	6.10814e+08 	9.83017e-07 	
1 	2 	6.10814e+08 	9.83017e-07 	
1 	2 	6.24751e+08 	9.75912e-07 	
1 	2 	6.42863e+08 	9.67984e-07 	
1 	2 	6.47312e+08 	9.66205e-07 	
1 	2 	6.5173e+08 	9.64647e-07 	
1 	2 	6.77637e+08 	9.56697e-07 	
1 	2 	6.81859e+08 	9.55594e-07 	
1 	2 	6.86055e+08 	9.54537e-07 	
1 	2 	6.98492e+08 	9.5163e-07 	
1 	2 	6.98492e+08 	9.5163e-07 	
1 	2 	7.14738e+08 	9.48324e-07 	
1 	2 	7.18743e+08 	9.47591e-07 	
1 	2 	7.4617e+08 	9.43407e-07 	
1 	2 	7.50007e+08 	9.42933e-07 	
1 	2 	7.57621e+08 	9.4207e-07 	
1 	2 	7.57621e+08 	9.4207e-07 	
1 	2 	7.614e+08 	9.4168e-07 	
1 	2 	7.72625e+08 	9.40693e-07 	
1 	2 	7.80019e+08 	9.40176e-07 	
1 	2 	7.9098e+08 	9.39577e-07 	
1 	2 	8.05362e+08 	9.39286e-07 	
1 	2 	8.15983e+08 	9.39351e-07 	
1 	2 	8.19493e+08 	9.39416e-07 	
1 	2 	8.47046e+08 	9.411e-07 	
1 	2 	8.57151e+08 	9.42059e-07 	
1 	2 	8.63821e+08 	9.42764e-07 	
1 	2 	8.83531e+08 	9.45416e-07 	
1 	2 	9.12297e+08 	9.50467e-07 	
1 	2 	9.24795e+08 	9.52977e-07 	
1 	2 	9.64294e+08 	9.62232e-07 	
1 	2 	9.70229e+08 	9.63823e-07 	
1 	2 	1.01928e+09 	9.78283e-07 	
1 	2 	1.07144e+09 	9.96164e-07 	
1 	3 	0 	0 	
1 	3 	7.57621e+07 	0 	
1 	3 	1.07144e+08 	0 	
1 	3 	1.51524e+08 	0 	
1 	3 	1.69409e+08 	0 	
1 	3 	2.14288e+08 	0 	
1 	3 	2.27286e+08 	0 	
1 	3 	2.39581e+08 	0 	
1 	3 	2.73164e+08 	0 	
1 	3 	3.03049e+08 	0 	
1 	3 	3.12375e+08 	0 	
1 	3 	3.21431e+08 	0 	
1 	3 	3.38819e+08 	0 	
1 	3 	3.78811e+08 	5.87796e-07 	
1 	3 	3.78811e+08 	5.87796e-07 	
1 	3 	3.86313e+08 	5.91126e-07 	
1 	3 	4.07992e+08 	5.89819e-07 	
1 	3 	4.28575e+08 	5.69671e-07 	
1 	3 	4.41765e+08 	5.57648e-07 	
1 	3 	4.54573e+08 	5.4682e-07 	
1 	3 	4.60843e+08 	5.41796e-07 	
1 	3 	4.79162e+08 	5.28061e-07 	
1 	3 	4.85114e+08 	5.2388e-07 	
1 	3 	5.08228e+08 	5.09028e-07 	
1 	3 	5.30335e+08 	4.96398e-07 	
1 	3 	5.35719e+08 	4.93478e-07 	
1 	3 	5.35719e+08 	4.93478e-07 	
1 	3 	5.46328e+08 	4.87962e-07 	
1 	3 	5.51557e+08 	4.85356e-07 	
1 	3 	5.76987e+08 	4.73816e-07 	
1 	3 	5.91721e+08 	4.67912e-07 	
1 	3 	6.06097e+08 	4.62623e-07 	
1 	3 	6.10814e+08 	4.60996e-07 	
1 	3 	6.10814e+08 	4.60996e-07 	
1 	3 	6.24751e+08 	4.56441e-07 	
1 	3 	6.42863e+08 	4.51218e-07 	
1 	3 	6.47312e+08 	4.50023e-07 	
1 	3 	6.5173e+08 	4.48868e-07 	
1 	3 	6.77637e+08 	4.42712e-07 	
1 	3 	6.81859e+08 	4.41803e-07 	
1 	3 	6.86055e+08 	4.40924e-07 	
1 	3 	6.98492e+08 	4.38463e-07 	
1 	3 	6.98492e+08 	4.38463e-07 	
1 	3 	7.14738e+08 	4.35556e-07 	
1 	3 	7.18743e+08 	4.34926e-07 	
1 	3 	7.4617e+08 	4.31331e-07 	
1 	3 	7.50007e+08 	4.30911e-07 	
1 	3 	7.57621e+08 	4.30138e-07 	
1 	3 	7.57621e+08 	4.30138e-07 	
1 	3 	7.614e+08 	4.29792e-07 	
1 	3 	7.72625e+08 	4.28848e-07 	
1 	3 	7.80019e+08 	4.28292e-07 	
1 	3 	7.9098e+08 	4.27562e-07 	
1 	3 	8.05362e+08 	4.26767e-07 	
1 	3 	8.15983e+08 	4.26294e-07 	
1 	3 	8.19493e+08 	4.26158e-07 	
1 	3 	8.47046e+08 	4.25433e-07 	
1 	3 	8.57151e+08 	4.25329e-07 	
1 	3 	8.63821e+08 	4.25304e-07 	
1 	3 	8.83531e+08 	4.25485e-07 	
1 	3 	9.12297e+08 	4.25971e-07 	
1 	3 	9.24795e+08 	4.26318e-07 	
1 	3 	9.64294e+08 	4.28128e-07 	
1 	3 	9.70229e+08 	4.28501e-07 	
1 	3 	1.01928e+09 	4.32327e-07 	
1 	3 	1.07144e+09 	4.37937e-07 	
1 	4 	0 	0 	
1 	4 	7.57621e+07 	0 	
1 	4 	1.07144e+08 	0 	
1 	4 	1.51524e+08 	0 	
1 	4 	1.69409e+08 	0 	
1 	4 	2.14288e+08 	0 	
1 	4 	2.27286e+08 	0 	
1 	4 	2.39581e+08 	0 	
1 	4 	2.73164e+08 	0 	
1 	4 	3.03049e+08 	0 	
1 	4 	3.12375e+08 	0 	
1 	4 	3.21431e+08 	0 	
1 	4 	3.38819e+08 	0 	
1 	4 	3.78811e+08 	0 	
1 	4 	3.78811e+08 	0 	
1 	4 	3.86313e+08 	0 	
1 	4 	4.07992e+08 	0 	
1 	4 	4.28575e+08 	0 	
1 	4 	4.41765e+08 	0 	
1 	4 	4.54573e+08 	0 	
1 	4 	4.60843e+08 	0 	
1 	4 	4.79162e+08 	0 	
1 	4 	4.85114e+08 	0 	
1 	4 	5.08228e+08 	0 	
1 	4 	5.30335e+08 	4.90958e-07 	
1 	4 	5.35719e+08 	4.8963e-07 	
1 	4 	5.35719e+08 	4.8963e-07 	
1 	4 	5.46328e+08 	4.87541e-07 	
1 	4 	5.51557e+08 	4.86658e-07 	
1 	4 	5.76987e+08 	4.81591e-07 	
1 	4 	5.91721e+08 	4.78878e-07 	
1 	4 	6.06097e+08 	4.76685e-07 	
1 	4 	6.10814e+08 	4.76055e-07 	
1 	4 	6.10814e+08 	4.76055e-07 	
1 	4 	6.24751e+08 	4.74408e-07 	
1 	4 	6.42863e+08 	4.72437e-07 	
1 	4 	6.47312e+08 	4.72035e-07 	
1 	4 	6.5173e+08 	4.71665e-07 	
1 	4 	6.77637e+08 	4.70081e-07 	
1 	4 	6.81859e+08 	4.6991e-07 	
1 	4 	6.86055e+08 	4.69767e-07 	
1 	4 	6.98492e+08 	4.69486e-07 	
1 	4 	6.98492e+08 	4.69486e-07 	
1 	4 	7.14738e+08 	4.68413e-07 	
1 	4 	7.18743e+08 	4.67754e-07 	
1 	4 	7.4617e+08 	4.63835e-07 	
1 	4 	7.50007e+08 	4.63365e-07 	
1 	4 	7.57621e+08 	4.62487e-07 	
1 	4 	7.57621e+08 	4.62487e-07 	
1 	4 	7.614e+08 	4.62078e-07 	
1 	4 	7.72625e+08 	4.60938e-07 	
1 	4 	7.80019e+08 	4.60201e-07 	
1 	4 	7.9098e+08 	4.59238e-07 	
1 	4 	8.05362e+08 	4.58169e-07 	
1 	4 	8.15983e+08 	4.57561e-07 	
1 	4 	8.19493e+08 	4.57387e-07 	
1 	4 	8.47046e+08 	4.56419e-07 	
1 	4 	8.57151e+08 	4.56232e-07 	
1 	4 	8.63821e+08 	4.56156e-07 	
1 	4 	8.83531e+08 	4.56141e-07 	
1 	4 	9.12297e+08 	4.55252e-07 	
1 	4 	9.24795e+08 	4.55027e-07 	
1 	4 	9.64294e+08 	4.55186e-07 	
1 	4 	9.70229e+08 	4.55301e-07 	
1 	4 	1.01928e+09 	4.57068e-07 	
1 	4 	1.07144e+09 	4.60441e-07 	
1 	5 	0 	0 	
1 	5 	7.57621e+07 	0 	
1 	5 	1.07144e+08 	0 	
1 	5 	1.51524e+08 	0 	
1 	5 	1.69409e+08 	0 	
1 	5 	2.14288e+08 	0 	
1 	5 	2.27286e+08 	0 	
1 	5 	2.39581e+08 	0 	
1 	5 	2.73164e+08 	0 	
1 	5 	3.03049e+08 	0 	
1 	5 	3.12375e+08 	0 	
1 	5 	3.21431e+08 	0 	
1 	5 	3.38819e+08 	0 	
1 	5 	3.78811e+08 	0 	
1 	5 	3.78811e+08 	0 	
1 	5 	3.86313e+08 	0 	
1 	5 	4.07992e+08 	0 	
1 	5 	4.28575e+08 	0 	
1 	5 	4.41765e+08 	0 	
1 	5 	4.54573e+08 	0 	
1 	5 	4.60843e+08 	0 	
1 	5 	4.79162e+08 	0 	
1 	5 	4.85114e+08 	0 	
1 	5 	5.08228e+08 	0 	
1 	5 	5.30335e+08 	0 	
1 	5 	5.35719e+08 	0 	
1 	5 	5.35719e+08 	0 	
1 	5 	5.46328e+08 	0 	
1 	5 	5.51557e+08 	0 	
1 	5 	5.76987e+08 	0 	
1 	5 	5.91721e+08 	0 	
1 	5 	6.06097e+08 	0 	
1 	5 	6.10814e+08 	0 	
1 	5 	6.10814e+08 	0 	
1 	5 	6.24751e+08 	0 	
1 	5 	6.42863e+08 	0 	
1 	5 	6.47312e+08 	0 	
1 	5 	6.5173e+08 	0 	
1 	5 	6.77637e+08 	0 	
1 	5 	6.81859e+08 	0 	
1 	5 	6.86055e+08 	0 	
1 	5 	6.98492e+08 	0 	
1 	5 	6.98492e+08 	0 	
1 	5 	7.14738e+08 	0 	
1 	5 	7.18743e+08 	2.38269e-07 	
1 	5 	7.4617e+08 	2.40186e-07 	
1 	5 	7.50007e+08 	2.40314e-07 	
1 	5 	7.57621e+08 	2.40564e-07 	
1 	5 	7.57621e+08 	2.40564e-07 	
1 	5 	7.614e+08 	2.40688e-07 	
1 	5 	7.72625e+08 	2.41057e-07 	
1 	5 	7.80019e+08 	2.4082e-07 	
1 	5 	7.9098e+08 	2.40493e-07 	
1 	5 	8.05362e+08 	2.40117e-07 	
1 	5 	8.15983e+08 	2.39889e-07 	
1 	5 	8.19493e+08 	2.39824e-07 	
1 	5 	8.47046e+08 	2.39176e-07 	
1 	5 	8.57151e+08 	2.38992e-07 	
1 	5 	8.63821e+08 	2.38877e-07 	
1 	5 	8.83531e+08 	2.38623e-07 	
1 	5 	9.12297e+08 	2.38489e-07 	
1 	5 	9.24795e+08 	2.38513e-07 	
1 	5 	9.64294e+08 	2.38845e-07 	
1 	5 	9.70229e+08 	2.38927e-07 	
1 	5 	1.01928e+09 	2.39945e-07 	
1 	5 	1.07144e+09 	2.41648e-07 	
2 	0 	0 	4.62522e-07 	
2 	0 	7.57621e+07 	4.67571e-07 	
2 	0 	1.07144e+08 	4.67583e-07 	
2 	0 	1.51524e+08 	4.65996e-07 	
2 	0 	1.69409e+08 	4.6522e-07 	
2 	0 	2.14288e+08 	4.63167e-07 	
2 	0 	2.27286e+08 	4.6258e-07 	
2 	0 	2.39581e+08 	4.62042e-07 	
2 	0 	2.73164e+08 	4.60473e-07 	
2 	0 	3.03049e+08 	4.59087e-07 	
2 	0 	3.12375e+08 	4.58135e-07 	
2 	0 	3.21431e+08 	4.55561e-07 	
2 	0 	3.38819e+08 	4.50704e-07 	
2 	0 	3.78811e+08 	4.40178e-07 	
2 	0 	3.78811e+08 	4.40178e-07 	
2 	0 	3.86313e+08 	4.3831e-07 	
2 	0 	4.07992e+08 	4.33084e-07 	
2 	0 	4.28575e+08 	4.28464e-07 	
2 	0 	4.41765e+08 	4.2567e-07 	
2 	0 	4.54573e+08 	4.23143e-07 	
2 	0 	4.60843e+08 	4.21944e-07 	
2 	0 	4.79162e+08 	4.18582e-07 	
2 	0 	4.85114e+08 	4.17536e-07 	
2 	0 	5.08228e+08 	4.13693e-07 	
2 	0 	5.30335e+08 	4.10342e-07 	
2 	0 	5.35719e+08 	4.09574e-07 	
2 	0 	5.35719e+08 	4.09574e-07 	
2 	0 	5.46328e+08 	4.08147e-07 	
2 	0 	5.51557e+08 	4.07497e-07 	
2 	0 	5.76987e+08 	4.04776e-07 	
2 	0 	5.91721e+08 	4.03404e-07 	
2 	0 	6.06097e+08 	4.02277e-07 	
2 	0 	6.10814e+08 	4.01935e-07 	
2 	0 	6.10814e+08 	4.01935e-07 	
2 	0 	6.24751e+08 	4.00999e-07 	
2 	0 	6.42863e+08 	3.99954e-07 	
2 	0 	6.47312e+08 	3.99726e-07 	
2 	0 	6.5173e+08 	3.99511e-07 	
2 	0 	6.77637e+08 	3.9847e-07 	
2 	0 	6.81859e+08 	3.98336e-07 	
2 	0 	6.86055e+08 	3.98212e-07 	
2 	0 	6.98492e+08 	3.9791e-07 	
2 	0 	6.98492e+08 	3.9791e-07 	
2 	0 	7.14738e+08 	3.97537e-07 	
2 	0 	7.18743e+08 	3.97414e-07 	
2 	0 	7.4617e+08 	3.96906e-07 	
2 	0 	7.50007e+08 	3.96875e-07 	
2 	0 	7.57621e+08 	3.96836e-07 	
2 	0 	7.57621e+08 	3.96836e-07 	
2 	0 	7.614e+08 	3.96826e-07 	
2 	0 	7.72625e+08 	3.96838e-07 	
2 	0 	7.80019e+08 	3.96879e-07 	
2 	0 	7.9098e+08 	3.96986e-07 	
2 	0 	8.05362e+08 	3.97281e-07 	
2 	0 	8.15983e+08 	3.97584e-07 	
2 	0 	8.19493e+08 	3.97695e-07 	
2 	0 	8.47046e+08 	3.98775e-07 	
2 	0 	8.57151e+08 	3.99258e-07 	
2 	0 	8.63821e+08 	3.99599e-07 	
2 	0 	8.83531e+08 	4.0073e-07 	
2 	0 	9.12297e+08 	4.02836e-07 	
2 	0 	9.24795e+08 	4.0385e-07 	
2 	0 	9.64294e+08 	4.07432e-07 	
2 	0 	9.70229e+08 	4.08025e-07 	
2 	0 	1.01928e+09 	4.13385e-07 	
2 	0 	1.07144e+09 	4.20397e-07 	
2 	1 	0 	1.67892e-06 	
2 	1 	7.57621e+07 	1.67501e-06 	
2 	1 	1.07144e+08 	1.60883e-06 	
2 	1 	1.51524e+08 	1.51249e-06 	
2 	1 	1.69409e+08 	1.47562e-06 	
2 	1 	2.14288e+08 	1.39312e-06 	
2 	1 	2.27286e+08 	1.37167e-06 	
2 	1 	2.39581e+08 	1.35236e-06 	
2 	1 	2.73164e+08 	1.30588e-06 	
2 	1 	3.03049e+08 	1.26471e-06 	
2 	1 	3.12375e+08 	1.24882e-06 	
2 	1 	3.21431e+08 	1.2337e-06 	
2 	1 	3.38819e+08 	1.20588e-06 	
2 	1 	3.78811e+08 	1.14836e-06 	
2 	1 	3.78811e+08 	1.14836e-06 	
2 	1 	3.86313e+08 	1.13865e-06 	
2 	1 	4.07992e+08 	1.11188e-06 	
2 	1 	4.28575e+08 	1.08825e-06 	
2 	1 	4.41765e+08 	1.07453e-06 	
2 	1 	4.54573e+08 	1.06183e-06 	
2 	1 	4.60843e+08 	1.05583e-06 	
2 	1 	4.79162e+08 	1.03922e-06 	
2 	1 	4.85114e+08 	1.03412e-06 	
2 	1 	5.08228e+08 	1.01566e-06 	
2 	1 	5.30335e+08 	9.99959e-07 	
2 	1 	5.35719e+08 	9.96357e-07 	
2 	1 	5.35719e+08 	9.96357e-07 	
2 	1 	5.46328e+08 	9.89506e-07 	
2 	1 	5.51557e+08 	9.86248e-07 	
2 	1 	5.76987e+08 	9.71471e-07 	
2 	1 	5.91721e+08 	9.63688e-07 	
2 	1 	6.06097e+08 	9.56758e-07 	
2 	1 	6.10814e+08 	9.54677e-07 	
2 	1 	6.10814e+08 	9.54677e-07 	
2 	1 	6.24751e+08 	9.49073e-07 	
2 	1 	6.42863e+08 	9.42865e-07 	
2 	1 	6.47312e+08 	9.41502e-07 	
2 	1 	6.5173e+08 	9.40199e-07 	
2 	1 	6.77637e+08 	9.33331e-07 	
2 	1 	6.81859e+08 	9.32332e-07 	
2 	1 	6.86055e+08 	9.31373e-07 	
2 	1 	6.98492e+08 	9.28715e-07 	
2 	1 	6.98492e+08 	9.28715e-07 	
2 	1 	7.14738e+08 	9.25651e-07 	
2 	1 	7.18743e+08 	9.24965e-07 	
2 	1 	7.4617e+08 	9.20982e-07 	
2 	1 	7.50007e+08 	9.20537e-07 	
2 	1 	7.57621e+08 	9.19719e-07 	
2 	1 	7.57621e+08 	9.19719e-07 	
2 	1 	7.614e+08 	9.19346e-07 	
2 	1 	7.72625e+08 	9.18438e-07 	
2 	1 	7.80019e+08 	9.17995e-07 	
2 	1 	7.9098e+08 	9.17536e-07 	
2 	1 	8.05362e+08 	9.17472e-07 	
2 	1 	8.15983e+08 	9.17721e-07 	
2 	1 	8.19493e+08 	9.17836e-07 	
2 	1 	8.47046e+08 	9.19262e-07 	
2 	1 	8.57151e+08 	9.20185e-07 	
2 	1 	8.63821e+08 	9.20892e-07 	
2 	1 	8.83531e+08 	9.23295e-07 	
2 	1 	9.12297e+08 	9.27615e-07 	
2 	1 	9.24795e+08 	9.2976e-07 	
2 	1 	9.64294e+08 	9.38085e-07 	
2 	1 	9.70229e+08 	9.39472e-07 	
2 	1 	1.01928e+09 	9.52172e-07 	
2 	1 	1.07144e+09 	9.68037e-07 	
2 	2 	0 	3.07404e-06 	
2 	2 	7.57621e+07 	3.66939e-06 	
2 	2 	1.07144e+08 	3.88779e-06 	
2 	2 	1.51524e+08 	4.15028e-06 	
2 	2 	1.69409e+08 	4.24275e-06 	
2 	2 	2.14288e+08 	4.46131e-06 	
2 	2 	2.27286e+08 	4.52806e-06 	
2 	2 	2.39581e+08 	4.59114e-06 	
2 	2 	2.73164e+08 	4.77035e-06 	
2 	2 	3.03049e+08 	4.946e-06 	
2 	2 	3.12375e+08 	5.00297e-06 	
2 	2 	3.21431e+08 	5.05939e-06 	
2 	2 	3.38819e+08 	5.17086e-06 	
2 	2 	3.78811e+08 	5.50515e-06 	
2 	2 	3.78811e+08 	5.50515e-06 	
2 	2 	3.86313e+08 	5.57489e-06 	
2 	2 	4.07992e+08 	5.78277e-06 	
2 	2 	4.28575e+08 	5.98745e-06 	
2 	2 	4.41765e+08 	6.12053e-06 	
2 	2 	4.54573e+08 	6.25196e-06 	
2 	2 	4.60843e+08 	6.31684e-06 	
2 	2 	4.79162e+08 	6.50796e-06 	
2 	2 	4.85114e+08 	6.57054e-06 	
2 	2 	5.08228e+08 	6.81597e-06 	
2 	2 	5.30335e+08 	7.05407e-06 	
2 	2 	5.35719e+08 	7.11247e-06 	
2 	2 	5.35719e+08 	7.11247e-06 	
2 	2 	5.46328e+08 	7.22793e-06 	
2 	2 	5.51557e+08 	7.28501e-06 	
2 	2 	5.76987e+08 	7.5642e-06 	
2 	2 	5.91721e+08 	7.72705e-06 	
2 	2 	6.06097e+08 	7.88662e-06 	
2 	2 	6.10814e+08 	7.93911e-06 	
2 	2 	6.10814e+08 	7.93911e-06 	
2 	2 	6.24751e+08 	8.09497e-06 	
2 	2 	6.42863e+08 	8.29916e-06 	
2 	2 	6.47312e+08 	8.34958e-06 	
2 	2 	6.5173e+08 	8.3997e-06 	
2 	2 	6.77637e+08 	8.69468e-06 	
2 	2 	6.81859e+08 	8.74288e-06 	
2 	2 	6.86055e+08 	8.7908e-06 	
2 	2 	6.98492e+08 	8.93299e-06 	
2 	2 	6.98492e+08 	8.93299e-06 	
2 	2 	7.14738e+08 	9.11903e-06 	
2 	2 	7.18743e+08 	9.16493e-06 	
2 	2 	7.4617e+08 	9.47976e-06 	
2 	2 	7.50007e+08 	9.52384e-06 	
2 	2 	7.57621e+08 	9.61139e-06 	
2 	2 	7.57621e+08 	9.61139e-06 	
2 	2 	7.614e+08 	9.65486e-06 	
2 	2 	7.72625e+08 	9.78405e-06 	
2 	2 	7.80019e+08 	9.8692e-06 	
2 	2 	7.9098e+08 	9.99563e-06 	
2 	2 	8.05362e+08 	1.01617e-05 	
2 	2 	8.15983e+08 	1.0285e-05 	
2 	2 	8.19493e+08 	1.03263e-05 	
2 	2 	8.47046e+08 	1.06506e-05 	
2 	2 	8.57151e+08 	1.07695e-05 	
2 	2 	8.63821e+08 	1.0848e-05 	
2 	2 	8.83531e+08 	1.10803e-05 	
2 	2 	9.12297e+08 	1.14192e-05 	
2 	2 	9.24795e+08 	1.15663e-05 	
2 	2 	9.64294e+08 	1.20309e-05 	
2 	2 	9.70229e+08 	1.21006e-05 	
2 	2 	1.01928e+09 	1.26759e-05 	
2 	2 	1.07144e+09 	1.32854e-05 	
2 	3 	0 	0 	
2 	3 	7.57621e+07 	0 	
2 	3 	1.07144e+08 	0 	
2 	3 	1.51524e+08 	0 	
2 	3 	1.69409e+08 	0 	
2 	3 	2.14288e+08 	0 	
2 	3 	2.27286e+08 	0 	
2 	3 	2.39581e+08 	0 	
2 	3 	2.73164e+08 	0 	
2 	3 	3.03049e+08 	0 	
2 	3 	3.12375e+08 	0 	
2 	3 	3.21431e+08 	0 	
2 	3 	3.38819e+08 	5.37528e-07 	
2 	3 	3.78811e+08 	5.07994e-07 	
2 	3 	3.78811e+08 	5.07994e-07 	
2 	3 	3.86313e+08 	5.00634e-07 	
2 	3 	4.07992e+08 	4.81424e-07 	
2 	3 	4.28575e+08 	4.64937e-07 	
2 	3 	4.41765e+08 	4.55272e-07 	
2 	3 	4.54573e+08 	4.46512e-07 	
2 	3 	4.60843e+08 	4.42435e-07 	
2 	3 	4.79162e+08 	4.31294e-07 	
2 	3 	4.85114e+08 	4.27908e-07 	
2 	3 	5.08228e+08 	4.15812e-07 	
2 	3 	5.30335e+08 	4.05477e-07 	
2 	3 	5.35719e+08 	4.03143e-07 	
2 	3 	5.35719e+08 	4.03143e-07 	
2 	3 	5.46328e+08 	3.98741e-07 	
2 	3 	5.51557e+08 	3.96671e-07 	
2 	3 	5.76987e+08 	3.87465e-07 	
2 	3 	5.91721e+08 	3.82714e-07 	
2 	3 	6.06097e+08 	3.78467e-07 	
2 	3 	6.10814e+08 	3.77148e-07 	
2 	3 	6.10814e+08 	3.77148e-07 	
2 	3 	6.24751e+08 	3.73513e-07 	
2 	3 	6.42863e+08 	3.69219e-07 	
2 	3 	6.47312e+08 	3.68235e-07 	
2 	3 	6.5173e+08 	3.67283e-07 	
2 	3 	6.77637e+08 	3.62207e-07 	
2 	3 	6.81859e+08 	3.61457e-07 	
2 	3 	6.86055e+08 	3.60732e-07 	
2 	3 	6.98492e+08 	3.58699e-07 	
2 	3 	6.98492e+08 	3.58699e-07 	
2 	3 	7.14738e+08 	3.56349e-07 	
2 	3 	7.18743e+08 	3.55819e-07 	
2 	3 	7.4617e+08 	3.52675e-07 	
2 	3 	7.50007e+08 	3.523e-07 	
2 	3 	7.57621e+08 	3.51592e-07 	
2 	3 	7.57621e+08 	3.51592e-07 	
2 	3 	7.614e+08 	3.51259e-07 	
2 	3 	7.72625e+08 	3.50339e-07 	
2 	3 	7.80019e+08 	3.49787e-07 	
2 	3 	7.9098e+08 	3.49045e-07 	
2 	3 	8.05362e+08 	3.48207e-07 	
2 	3 	8.15983e+08 	3.47681e-07 	
2 	3 	8.19493e+08 	3.47524e-07 	
2 	3 	8.47046e+08 	3.46587e-07 	
2 	3 	8.57151e+08 	3.4637e-07 	
2 	3 	8.63821e+08 	3.46278e-07 	
2 	3 	8.83531e+08 	3.46182e-07 	
2 	3 	9.12297e+08 	3.46359e-07 	
2 	3 	9.24795e+08 	3.46567e-07 	
2 	3 	9.64294e+08 	3.47788e-07 	
2 	3 	9.70229e+08 	3.48044e-07 	
2 	3 	1.01928e+09 	3.5073e-07 	
2 	3 	1.07144e+09 	3.54801e-07 	
2 	4 	0 	0 	
2 	4 	7.57621e+07 	0 	
2 	4 	1.07144e+08 	0 	
2 	4 	1.51524e+08 	0 	
2 	4 	1.69409e+08 	0 	
2 	4 	2.14288e+08 	0 	
2 	4 	2.27286e+08 	0 	
2 	4 	2.39581e+08 	0 	
2 	4 	2.73164e+08 	0 	
2 	4 	3.03049e+08 	0 	
2 	4 	3.12375e+08 	0 	
2 	4 	3.21431e+08 	0 	
2 	4 	3.38819e+08 	0 	
2 	4 	3.78811e+08 	0 	
2 	4 	3.78811e+08 	0 	
2 	4 	3.86313e+08 	0 	
2 	4 	4.07992e+08 	0 	
2 	4 	4.28575e+08 	0 	
2 	4 	4.41765e+08 	0 	
2 	4 	4.54573e+08 	0 	
2 	4 	4.60843e+08 	0 	
2 	4 	4.79162e+08 	0 	
2 	4 	4.85114e+08 	5.09375e-07 	
2 	4 	5.08228e+08 	5.07254e-07 	
2 	4 	5.30335e+08 	5.05059e-07 	
2 	4 	5.35719e+08 	5.04626e-07 	
2 	4 	5.35719e+08 	5.04626e-07 	
2 	4 	5.46328e+08 	5.03877e-07 	
2 	4 	5.51557e+08 	5.03284e-07 	
2 	4 	5.76987e+08 	5.00814e-07 	
2 	4 	5.91721e+08 	4.99763e-07 	
2 	4 	6.06097e+08 	4.99012e-07 	
2 	4 	6.10814e+08 	4.98538e-07 	
2 	4 	6.10814e+08 	4.98538e-07 	
2 	4 	6.24751e+08 	4.93491e-07 	
2 	4 	6.42863e+08 	4.87516e-07 	
2 	4 	6.47312e+08 	4.86144e-07 	
2 	4 	6.5173e+08 	4.84826e-07 	
2 	4 	6.77637e+08 	4.77814e-07 	
2 	4 	6.81859e+08 	4.76786e-07 	
2 	4 	6.86055e+08 	4.75792e-07 	
2 	4 	6.98492e+08 	4.72999e-07 	
2 	4 	6.98492e+08 	4.72999e-07 	
2 	4 	7.14738e+08 	4.69682e-07 	
2 	4 	7.18743e+08 	4.6892e-07 	
2 	4 	7.4617e+08 	4.64252e-07 	
2 	4 	7.50007e+08 	4.63673e-07 	
2 	4 	7.57621e+08 	4.626e-07 	
2 	4 	7.57621e+08 	4.626e-07 	
2 	4 	7.614e+08 	4.62087e-07 	
2 	4 	7.72625e+08 	4.60666e-07 	
2 	4 	7.80019e+08 	4.59806e-07 	
2 	4 	7.9098e+08 	4.58636e-07 	
2 	4 	8.05362e+08 	4.57348e-07 	
2 	4 	8.15983e+08 	4.56529e-07 	
2 	4 	8.19493e+08 	4.56281e-07 	
2 	4 	8.47046e+08 	4.54716e-07 	
2 	4 	8.57151e+08 	4.54304e-07 	
2 	4 	8.63821e+08 	4.54078e-07 	
2 	4 	8.83531e+08 	4.53612e-07 	
2 	4 	9.12297e+08 	4.52863e-07 	
2 	4 	9.24795e+08 	4.52666e-07 	
2 	4 	9.64294e+08 	4.52828e-07 	
2 	4 	9.70229e+08 	4.52935e-07 	
2 	4 	1.01928e+09 	4.54732e-07 	
2 	4 	1.07144e+09 	4.58182e-07 	
2 	5 	0 	0 	
2 	5 	7.57621e+07 	0 	
2 	5 	1.07144e+08 	0 	
2 	5 	1.51524e+08 	0 	
2 	5 	1.69409e+08 	0 	
2 	5 	2.14288e+08 	0 	
2 	5 	2.27286e+08 	0 	
2 	5 	2.39581e+08 	0 	
2 	5 	2.73164e+08 	0 	
2 	5 	3.03049e+08 	0 	
2 	5 	3.12375e+08 	0 	
2 	5 	3.21431e+08 	0 	
2 	5 	3.38819e+08 	0 	
2 	5 	3.78811e+08 	0 	
2 	5 	3.78811e+08 	0 	
2 	5 	3.86313e+08 	0 	
2 	5 	4.07992e+08 	0 	
2 	5 	4.28575e+08 	0 	
2 	5 	4.41765e+08 	0 	
2 	5 	4.54573e+08 	0 	
2 	5 	4.60843e+08 	0 	
2 	5 	4.79162e+08 	0 	
2 	5 	4.85114e+08 	0 	
2 	5 	5.08228e+08 	0 	
2 	5 	5.30335e+08 	0 	
2 	5 	5.35719e+08 	0 	
2 	5 	5.35719e+08 	0 	
2 	5 	5.46328e+08 	0 	
2 	5 	5.51557e+08 	0 	
2 	5 	5.76987e+08 	0 	
2 	5 	5.91721e+08 	0 	
2 	5 	6.06097e+08 	0 	
2 	5 	6.10814e+08 	0 	
2 	5 	6.10814e+08 	0 	
2 	5 	6.24751e+08 	0 	
2 	5 	6.42863e+08 	0 	
2 	5 	6.47312e+08 	0 	
2 	5 	6.5173e+08 	0 	
2 	5 	6.77637e+08 	0 	
2 	5 	6.81859e+08 	0 	
2 	5 	6.86055e+08 	2.46501e-07 	
2 	5 	6.98492e+08 	2.48779e-07 	
2 	5 	6.98492e+08 	2.48779e-07 	
2 	5 	7.14738e+08 	2.49957e-07 	
2 	5 	7.18743e+08 	2.50146e-07 	
2 	5 	7.4617e+08 	2.49412e-07 	
2 	5 	7.50007e+08 	2.49311e-07 	
2 	5 	7.57621e+08 	2.49124e-07 	
2 	5 	7.57621e+08 	2.49124e-07 	
2 	5 	7.614e+08 	2.49037e-07 	
2 	5 	7.72625e+08 	2.48804e-07 	
2 	5 	7.80019e+08 	2.48672e-07 	
2 	5 	7.9098e+08 	2.48504e-07 	
2 	5 	8.05362e+08 	2.48331e-07 	
2 	5 	8.15983e+08 	2.48231e-07 	
2 	5 	8.19493e+08 	2.48186e-07 	
2 	5 	8.47046e+08 	2.47947e-07 	
2 	5 	8.57151e+08 	2.4791e-07 	
2 	5 	8.63821e+08 	2.47905e-07 	
2 	5 	8.83531e+08 	2.47955e-07 	
2 	5 	9.12297e+08 	2.48245e-07 	
2 	5 	9.24795e+08 	2.48427e-07 	
2 	5 	9.64294e+08 	2.49218e-07 	
2 	5 	9.70229e+08 	2.49363e-07 	
2 	5 	1.01928e+09 	2.50952e-07 	
2 	5 	1.07144e+09 	2.53194e-07 	
3 	0 	0 	4.19661e-07 	
3 	0 	7.57621e+07 	4.24148e-07 	
3 	0 	1.07144e+08 	4.25694e-07 	
3 	0 	1.51524e+08 	4.27042e-07 	
3 	0 	1.69409e+08 	4.27159e-07 	
3 	0 	2.14288e+08 	4.24958e-07 	
3 	0 	2.27286e+08 	4.24194e-07 	
3 	0 	2.39581e+08 	4.23462e-07 	
3 	0 	2.73164e+08 	4.21434e-07 	
3 	0 	3.03049e+08 	4.19624e-07 	
3 	0 	3.12375e+08 	4.19071e-07 	
3 	0 	3.21431e+08 	4.18537e-07 	
3 	0 	3.38819e+08 	4.17537e-07 	
3 	0 	3.78811e+08 	4.1537e-07 	
3 	0 	3.78811e+08 	4.1537e-07 	
3 	0 	3.86313e+08 	4.14983e-07 	
3 	0 	4.07992e+08 	4.13906e-07 	
3 	0 	4.28575e+08 	4.12794e-07 	
3 	0 	4.41765e+08 	4.12093e-07 	
3 	0 	4.54573e+08 	4.11456e-07 	
3 	0 	4.60843e+08 	4.11154e-07 	
3 	0 	4.79162e+08 	4.10347e-07 	
3 	0 	4.85114e+08 	4.10103e-07 	
3 	0 	5.08228e+08 	4.09251e-07 	
3 	0 	5.30335e+08 	4.08617e-07 	
3 	0 	5.35719e+08 	4.0848e-07 	
3 	0 	5.35719e+08 	4.0848e-07 	
3 	0 	5.46328e+08 	4.08228e-07 	
3 	0 	5.51557e+08 	4.08114e-07 	
3 	0 	5.76987e+08 	4.07654e-07 	
3 	0 	5.91721e+08 	4.0746e-07 	
3 	0 	6.06097e+08 	4.07323e-07 	
3 	0 	6.10814e+08 	4.07289e-07 	
3 	0 	6.10814e+08 	4.07289e-07 	
3 	0 	6.24751e+08 	4.07243e-07 	
3 	0 	6.42863e+08 	4.07317e-07 	
3 	0 	6.47312e+08 	4.07355e-07 	
3 	0 	6.5173e+08 	4.07397e-07 	
3 	0 	6.77637e+08 	4.07826e-07 	
3 	0 	6.81859e+08 	4.07917e-07 	
3 	0 	6.86055e+08 	4.08011e-07 	
3 	0 	6.98492e+08 	4.08316e-07 	
3 	0 	6.98492e+08 	4.08316e-07 	
3 	0 	7.14738e+08 	4.08793e-07 	
3 	0 	7.18743e+08 	4.08921e-07 	
3 	0 	7.4617e+08 	4.09904e-07 	
3 	0 	7.50007e+08 	4.10056e-07 	
3 	0 	7.57621e+08 	4.10368e-07 	
3 	0 	7.57621e+08 	4.10368e-07 	
3 	0 	7.614e+08 	4.10534e-07 	
3 	0 	7.72625e+08 	4.11049e-07 	
3 	0 	7.80019e+08 	4.11405e-07 	
3 	0 	7.9098e+08 	4.11956e-07 	
3 	0 	8.05362e+08 	4.1272e-07 	
3 	0 	8.15983e+08 	4.13379e-07 	
3 	0 	8.19493e+08 	4.13607e-07 	
3 	0 	8.47046e+08 	4.15492e-07 	
3 	0 	8.57151e+08 	4.16225e-07 	
3 	0 	8.63821e+08 	4.1672e-07 	
3 	0 	8.83531e+08 	4.18238e-07 	
3 	0 	9.12297e+08 	4.20617e-07 	
3 	0 	9.24795e+08 	4.21709e-07 	
3 	0 	9.64294e+08 	0 	
3 	0 	9.70229e+08 	0 	
3 	0 	1.01928e+09 	0 	
3 	0 	1.07144e+09 	0 	
3 	1 	0 	3.8781e-07 	
3 	1 	7.57621e+07 	3.91605e-07 	
3 	1 	1.07144e+08 	3.91974e-07 	
3 	1 	1.51524e+08 	3.91888e-07 	
3 	1 	1.69409e+08 	3.91688e-07 	
3 	1 	2.14288e+08 	3.90968e-07 	
3 	1 	2.27286e+08 	3.90822e-07 	
3 	1 	2.39581e+08 	3.90679e-07 	
3 	1 	2.73164e+08 	3.9023e-07 	
3 	1 	3.03049e+08 	3.89845e-07 	
3 	1 	3.12375e+08 	3.89789e-07 	
3 	1 	3.21431e+08 	3.8974e-07 	
3 	1 	3.38819e+08 	3.89666e-07 	
3 	1 	3.78811e+08 	3.89685e-07 	
3 	1 	3.78811e+08 	3.89685e-07 	
3 	1 	3.86313e+08 	3.89738e-07 	
3 	1 	4.07992e+08 	3.90034e-07 	
3 	1 	4.28575e+08 	3.90482e-07 	
3 	1 	4.41765e+08 	3.90821e-07 	
3 	1 	4.54573e+08 	3.91192e-07 	
3 	1 	4.60843e+08 	3.9139e-07 	
3 	1 	4.79162e+08 	3.92028e-07 	
3 	1 	4.85114e+08 	3.92255e-07 	
3 	1 	5.08228e+08 	3.93291e-07 	
3 	1 	5.30335e+08 	3.94706e-07 	
3 	1 	5.35719e+08 	3.9508e-07 	
3 	1 	5.35719e+08 	3.9508e-07 	
3 	1 	5.46328e+08 	3.95842e-07 	
3 	1 	5.51557e+08 	3.9623e-07 	
3 	1 	5.76987e+08 	3.95054e-07 	
3 	1 	5.91721e+08 	3.9403e-07 	
3 	1 	6.06097e+08 	3.93116e-07 	
3 	1 	6.10814e+08 	3.92835e-07 	
3 	1 	6.10814e+08 	3.92835e-07 	
3 	1 	6.24751e+08 	3.92058e-07 	
3 	1 	6.42863e+08 	3.91059e-07 	
3 	1 	6.47312e+08 	3.90813e-07 	
3 	1 	6.5173e+08 	3.90577e-07 	
3 	1 	6.77637e+08 	3.89372e-07 	
3 	1 	6.81859e+08 	3.89205e-07 	
3 	1 	6.86055e+08 	3.89053e-07 	
3 	1 	6.98492e+08 	3.88684e-07 	
3 	1 	6.98492e+08 	3.88684e-07 	
3 	1 	7.14738e+08 	3.88322e-07 	
3 	1 	7.18743e+08 	3.88256e-07 	
3 	1 	7.4617e+08 	3.87969e-07 	
3 	1 	7.50007e+08 	3.87952e-07 	
3 	1 	7.57621e+08 	3.87935e-07 	
3 	1 	7.57621e+08 	3.87935e-07 	
3 	1 	7.614e+08 	3.87935e-07 	
3 	1 	7.72625e+08 	3.88036e-07 	
3 	1 	7.80019e+08 	3.88128e-07 	
3 	1 	7.9098e+08 	3.88301e-07 	
3 	1 	8.05362e+08 	3.88598e-07 	
3 	1 	8.15983e+08 	3.88877e-07 	
3 	1 	8.19493e+08 	3.88978e-07 	
3 	1 	8.47046e+08 	3.89922e-07 	
3 	1 	8.57151e+08 	3.90352e-07 	
3 	1 	8.63821e+08 	3.90683e-07 	
3 	1 	8.83531e+08 	3.9175e-07 	
3 	1 	9.12297e+08 	3.93537e-07 	
3 	1 	9.24795e+08 	3.94398e-07 	
3 	1 	9.64294e+08 	0 	
3 	1 	9.70229e+08 	0 	
3 	1 	1.01928e+09 	0 	
3 	1 	1.07144e+09 	0 	
3 	2 	0 	3.32681e-07 	
3 	2 	7.57621e+07 	3.36324e-07 	
3 	2 	1.07144e+08 	3.37241e-07 	
3 	2 	1.51524e+08 	3.38063e-07 	
3 	2 	1.69409e+08 	3.38244e-07 	
3 	2 	2.14288e+08 	3.38446e-07 	
3 	2 	2.27286e+08 	3.38473e-07 	
3 	2 	2.39581e+08 	3.38495e-07 	
3 	2 	2.73164e+08 	3.38575e-07 	
3 	2 	3.03049e+08 	3.38653e-07 	
3 	2 	3.12375e+08 	3.38688e-07 	
3 	2 	3.21431e+08 	3.38736e-07 	
3 	2 	3.38819e+08 	3.38878e-07 	
3 	2 	3.78811e+08 	3.39371e-07 	
3 	2 	3.78811e+08 	3.39371e-07 	
3 	2 	3.86313e+08 	3.39503e-07 	
3 	2 	4.07992e+08 	3.39966e-07 	
3 	2 	4.28575e+08 	3.4056e-07 	
3 	2 	4.41765e+08 	3.41003e-07 	
3 	2 	4.54573e+08 	3.41477e-07 	
3 	2 	4.60843e+08 	3.41442e-07 	
3 	2 	4.79162e+08 	3.39248e-07 	
3 	2 	4.85114e+08 	3.38559e-07 	
3 	2 	5.08228e+08 	3.36005e-07 	
3 	2 	5.30335e+08 	3.33795e-07 	
3 	2 	5.35719e+08 	3.33302e-07 	
3 	2 	5.35719e+08 	3.33302e-07 	
3 	2 	5.46328e+08 	3.32369e-07 	
3 	2 	5.51557e+08 	3.31926e-07 	
3 	2 	5.76987e+08 	3.29938e-07 	
3 	2 	5.91721e+08 	3.28928e-07 	
3 	2 	6.06097e+08 	3.28022e-07 	
3 	2 	6.10814e+08 	3.27742e-07 	
3 	2 	6.10814e+08 	3.27742e-07 	
3 	2 	6.24751e+08 	3.26965e-07 	
3 	2 	6.42863e+08 	3.26065e-07 	
3 	2 	6.47312e+08 	3.25863e-07 	
3 	2 	6.5173e+08 	3.2567e-07 	
3 	2 	6.77637e+08 	3.24653e-07 	
3 	2 	6.81859e+08 	3.2451e-07 	
3 	2 	6.86055e+08 	3.24375e-07 	
3 	2 	6.98492e+08 	3.24016e-07 	
3 	2 	6.98492e+08 	3.24016e-07 	
3 	2 	7.14738e+08 	3.23669e-07 	
3 	2 	7.18743e+08 	3.23601e-07 	
3 	2 	7.4617e+08 	3.23331e-07 	
3 	2 	7.50007e+08 	3.23314e-07 	
3 	2 	7.57621e+08 	3.23295e-07 	
3 	2 	7.57621e+08 	3.23295e-07 	
3 	2 	7.614e+08 	3.23293e-07 	
3 	2 	7.72625e+08 	3.23316e-07 	
3 	2 	7.80019e+08 	3.23368e-07 	
3 	2 	7.9098e+08 	3.23486e-07 	
3 	2 	8.05362e+08 	3.23701e-07 	
3 	2 	8.15983e+08 	3.23905e-07 	
3 	2 	8.19493e+08 	3.23983e-07 	
3 	2 	8.47046e+08 	3.24729e-07 	
3 	2 	8.57151e+08 	3.25061e-07 	
3 	2 	8.63821e+08 	3.253e-07 	
3 	2 	8.83531e+08 	3.26149e-07 	
3 	2 	9.12297e+08 	3.27603e-07 	
3 	2 	9.24795e+08 	3.28308e-07 	
3 	2 	9.64294e+08 	0 	
3 	2 	9.70229e+08 	0 	
3 	2 	1.01928e+09 	0 	
3 	2 	1.07144e+09 	0 	
3 	3 	0 	3.52169e-06 	
3 	3 	7.57621e+07 	3.9536e-06 	
3 	3 	1.07144e+08 	4.15603e-06 	
3 	3 	1.51524e+08 	4.39837e-06 	
3 	3 	1.69409e+08 	4.4831e-06 	
3 	3 	2.14288e+08 	4.68844e-06 	
3 	3 	2.27286e+08 	4.75025e-06 	
3 	3 	2.39581e+08 	4.80826e-06 	
3 	3 	2.73164e+08 	4.97576e-06 	
3 	3 	3.03049e+08 	5.13797e-06 	
3 	3 	3.12375e+08 	5.19047e-06 	
3 	3 	3.21431e+08 	5.24245e-06 	
3 	3 	3.38819e+08 	5.34926e-06 	
3 	3 	3.78811e+08 	5.68267e-06 	
3 	3 	3.78811e+08 	5.68267e-06 	
3 	3 	3.86313e+08 	5.74802e-06 	
3 	3 	4.07992e+08 	5.94636e-06 	
3 	3 	4.28575e+08 	6.14131e-06 	
3 	3 	4.41765e+08 	6.26862e-06 	
3 	3 	4.54573e+08 	6.3949e-06 	
3 	3 	4.60843e+08 	6.45724e-06 	
3 	3 	4.79162e+08 	6.64116e-06 	
3 	3 	4.85114e+08 	6.70157e-06 	
3 	3 	5.08228e+08 	6.93872e-06 	
3 	3 	5.30335e+08 	7.16969e-06 	
3 	3 	5.35719e+08 	7.22641e-06 	
3 	3 	5.35719e+08 	7.22641e-06 	
3 	3 	5.46328e+08 	7.33864e-06 	
3 	3 	5.51557e+08 	7.39417e-06 	
3 	3 	5.76987e+08 	7.66627e-06 	
3 	3 	5.91721e+08 	7.82531e-06 	
3 	3 	6.06097e+08 	7.98137e-06 	
3 	3 	6.10814e+08 	8.03276e-06 	
3 	3 	6.10814e+08 	8.03276e-06 	
3 	3 	6.24751e+08 	8.18567e-06 	
3 	3 	6.42863e+08 	8.38655e-06 	
3 	3 	6.47312e+08 	8.43617e-06 	
3 	3 	6.5173e+08 	8.48552e-06 	
3 	3 	6.77637e+08 	8.77636e-06 	
3 	3 	6.81859e+08 	8.82392e-06 	
3 	3 	6.86055e+08 	8.87123e-06 	
3 	3 	6.98492e+08 	9.01168e-06 	
3 	3 	6.98492e+08 	9.01168e-06 	
3 	3 	7.14738e+08 	9.19562e-06 	
3 	3 	7.18743e+08 	9.24103e-06 	
3 	3 	7.4617e+08 	9.55282e-06 	
3 	3 	7.50007e+08 	9.59652e-06 	
3 	3 	7.57621e+08 	9.68334e-06 	
3 	3 	7.57621e+08 	9.68334e-06 	
3 	3 	7.614e+08 	9.72647e-06 	
3 	3 	7.72625e+08 	9.85468e-06 	
3 	3 	7.80019e+08 	9.93926e-06 	
3 	3 	7.9098e+08 	1.00649e-05 	
3 	3 	8.05362e+08 	1.023e-05 	
3 	3 	8.15983e+08 	1.03536e-05 	
3 	3 	8.19493e+08 	1.03949e-05 	
3 	3 	8.47046e+08 	1.07193e-05 	
3 	3 	8.57151e+08 	1.08383e-05 	
3 	3 	8.63821e+08 	1.0917e-05 	
3 	3 	8.83531e+08 	1.11498e-05 	
3 	3 	9.12297e+08 	1.14898e-05 	
3 	3 	9.24795e+08 	1.16375e-05 	
3 	3 	9.64294e+08 	0 	
3 	3 	9.70229e+08 	0 	
3 	3 	1.01928e+09 	0 	
3 	3 	1.07144e+09 	0 	
3 	4 	0 	0 	
3 	4 	7.57621e+07 	0 	
3 	4 	1.07144e+08 	0 	
3 	4 	1.51524e+08 	0 	
3 	4 	1.69409e+08 	8.11524e-07 	
3 	4 	2.14288e+08 	7.43935e-07 	
3 	4 	2.27286e+08 	7.13312e-07 	
3 	4 	2.39581e+08 	6.89923e-07 	
3 	4 	2.73164e+08 	6.2538e-07 	
3 	4 	3.03049e+08 	5.78192e-07 	
3 	4 	3.12375e+08 	5.6675e-07 	
3 	4 	3.21431e+08 	5.5654e-07 	
3 	4 	3.38819e+08 	5.39093e-07 	
3 	4 	3.78811e+08 	5.08973e-07 	
3 	4 	3.78811e+08 	5.08973e-07 	
3 	4 	3.86313e+08 	5.04406e-07 	
3 	4 	4.07992e+08 	4.92647e-07 	
3 	4 	4.28575e+08 	4.8339e-07 	
3 	4 	4.41765e+08 	4.76976e-07 	
3 	4 	4.54573e+08 	4.66843e-07 	
3 	4 	4.60843e+08 	4.62142e-07 	
3 	4 	4.79162e+08 	4.49921e-07 	
3 	4 	4.85114e+08 	4.46232e-07 	
3 	4 	5.08228e+08 	4.33113e-07 	
3 	4 	5.30335e+08 	4.22313e-07 	
3 	4 	5.35719e+08 	4.19872e-07 	
3 	4 	5.35719e+08 	4.19872e-07 	
3 	4 	5.46328e+08 	4.15293e-07 	
3 	4 	5.51557e+08 	4.1314e-07 	
3 	4 	5.76987e+08 	4.03576e-07 	
3 	4 	5.91721e+08 	3.98676e-07 	
3 	4 	6.06097e+08 	3.94255e-07 	
3 	4 	6.10814e+08 	3.92879e-07 	
3 	4 	6.10814e+08 	3.92879e-07 	
3 	4 	6.24751e+08 	3.89011e-07 	
3 	4 	6.42863e+08 	3.84405e-07 	
3 	4 	6.47312e+08 	3.83343e-07 	
3 	4 	6.5173e+08 	3.82313e-07 	
3 	4 	6.77637e+08 	3.76917e-07 	
3 	4 	6.81859e+08 	3.76133e-07 	
3 	4 	6.86055e+08 	3.75436e-07 	
3 	4 	6.98492e+08 	3.7348e-07 	
3 	4 	6.98492e+08 	3.7348e-07 	
3 	4 	7.14738e+08 	3.71215e-07 	
3 	4 	7.18743e+08 	3.70699e-07 	
3 	4 	7.4617e+08 	3.67547e-07 	
3 	4 	7.50007e+08 	3.67157e-07 	
3 	4 	7.57621e+08 	3.66419e-07 	
3 	4 	7.57621e+08 	3.66419e-07 	
3 	4 	7.614e+08 	3.66069e-07 	
3 	4 	7.72625e+08 	3.65097e-07 	
3 	4 	7.80019e+08 	3.64508e-07 	
3 	4 	7.9098e+08 	3.63707e-07 	
3 	4 	8.05362e+08 	3.62794e-07 	
3 	4 	8.15983e+08 	3.62216e-07 	
3 	4 	8.19493e+08 	3.62041e-07 	
3 	4 	8.47046e+08 	3.6106e-07 	
3 	4 	8.57151e+08 	3.60834e-07 	
3 	4 	8.63821e+08 	3.60836e-07 	
3 	4 	8.83531e+08 	3.61114e-07 	
3 	4 	9.12297e+08 	3.61924e-07 	
3 	4 	9.24795e+08 	3.62451e-07 	
3 	4 	9.64294e+08 	0 	
3 	4 	9.70229e+08 	0 	
3 	4 	1.01928e+09 	0 	
3 	4 	1.07144e+09 	0 	
3 	5 	0 	0 	
3 	5 	7.57621e+07 	0 	
3 	5 	1.07144e+08 	0 	
3 	5 	1.51524e+08 	0 	
3 	5 	1.69409e+08 	0 	
3 	5 	2.14288e+08 	0 	
3 	5 	2.27286e+08 	0 	
3 	5 	2.39581e+08 	0 	
3 	5 	2.73164e+08 	0 	
3 	5 	3.03049e+08 	0 	
3 	5 	3.12375e+08 	0 	
3 	5 	3.21431e+08 	0 	
3 	5 	3.38819e+08 	0 	
3 	5 	3.78811e+08 	0 	
3 	5 	3.78811e+08 	0 	
3 	5 	3.86313e+08 	0 	
3 	5 	4.07992e+08 	0 	
3 	5 	4.28575e+08 	0 	
3 	5 	4.41765e+08 	0 	
3 	5 	4.54573e+08 	0 	
3 	5 	4.60843e+08 	0 	
3 	5 	4.79162e+08 	6.73461e-07 	
3 	5 	4.85114e+08 	6.76563e-07 	
3 	5 	5.08228e+08 	6.78214e-07 	
3 	5 	5.30335e+08 	6.77453e-07 	
3 	5 	5.35719e+08 	6.77204e-07 	
3 	5 	5.35719e+08 	6.77204e-07 	
3 	5 	5.46328e+08 	6.76744e-07 	
3 	5 	5.51557e+08 	6.76507e-07 	
3 	5 	5.76987e+08 	6.76138e-07 	
3 	5 	5.91721e+08 	6.76173e-07 	
3 	5 	6.06097e+08 	6.67531e-07 	
3 	5 	6.10814e+08 	6.6488e-07 	
3 	5 	6.10814e+08 	6.6488e-07 	
3 	5 	6.24751e+08 	6.57361e-07 	
3 	5 	6.42863e+08 	6.48261e-07 	
3 	5 	6.47312e+08 	6.46168e-07 	
3 	5 	6.5173e+08 	6.44131e-07 	
3 	5 	6.77637e+08 	6.33164e-07 	
3 	5 	6.81859e+08 	6.31528e-07 	
3 	5 	6.86055e+08 	6.29935e-07 	
3 	5 	6.98492e+08 	6.25403e-07 	
3 	5 	6.98492e+08 	6.25403e-07 	
3 	5 	7.14738e+08 	6.19896e-07 	
3 	5 	7.18743e+08 	6.18608e-07 	
3 	5 	7.4617e+08 	6.10491e-07 	
3 	5 	7.50007e+08 	6.09487e-07 	
3 	5 	7.57621e+08 	6.07595e-07 	
3 	5 	7.57621e+08 	6.07595e-07 	
3 	5 	7.614e+08 	6.06744e-07 	
3 	5 	7.72625e+08 	6.04331e-07 	
3 	5 	7.80019e+08 	6.02836e-07 	
3 	5 	7.9098e+08 	6.00778e-07 	
3 	5 	8.05362e+08 	5.98374e-07 	
3 	5 	8.15983e+08 	5.96761e-07 	
3 	5 	8.19493e+08 	5.96257e-07 	
3 	5 	8.47046e+08 	5.92787e-07 	
3 	5 	8.57151e+08 	5.91722e-07 	
3 	5 	8.63821e+08 	5.91078e-07 	
3 	5 	8.83531e+08 	5.89447e-07 	
3 	5 	9.12297e+08 	5.8767e-07 	
3 	5 	9.24795e+08 	5.87173e-07 	
3 	5 	9.64294e+08 	0 	
3 	5 	9.70229e+08 	0 	
3 	5 	1.01928e+09 	0 	
3 	5 	1.07144e+09 	0 	
4 	0 	0 	7.00182e-08 	
4 	0 	7.57621e+07 	7.04908e-08 	
4 	0 	1.07144e+08 	7.05509e-08 	
4 	0 	1.51524e+08 	7.05835e-08 	
4 	0 	1.69409e+08 	7.05953e-08 	
4 	0 	2.14288e+08 	7.06279e-08 	
4 	0 	2.27286e+08 	7.06394e-08 	
4 	0 	2.39581e+08 	7.06516e-08 	
4 	0 	2.73164e+08 	7.06866e-08 	
4 	0 	3.03049e+08 	7.06498e-08 	
4 	0 	3.12375e+08 	7.05556e-08 	
4 	0 	3.21431e+08 	7.04604e-08 	
4 	0 	3.38819e+08 	7.02808e-08 	
4 	0 	3.78811e+08 	6.98882e-08 	
4 	0 	3.78811e+08 	6.98882e-08 	
4 	0 	3.86313e+08 	6.98158e-08 	
4 	0 	4.07992e+08 	6.96106e-08 	
4 	0 	4.28575e+08 	6.94287e-08 	
4 	0 	4.41765e+08 	6.93201e-08 	
4 	0 	4.54573e+08 	6.92196e-08 	
4 	0 	4.60843e+08 	6.91738e-08 	
4 	0 	4.79162e+08 	6.905e-08 	
4 	0 	4.85114e+08 	6.90122e-08 	
4 	0 	5.08228e+08 	6.88765e-08 	
4 	0 	5.30335e+08 	6.87644e-08 	
4 	0 	5.35719e+08 	6.87398e-08 	
4 	0 	5.35719e+08 	6.87398e-08 	
4 	0 	5.46328e+08 	6.86944e-08 	
4 	0 	5.51557e+08 	6.86736e-08 	
4 	0 	5.76987e+08 	6.85877e-08 	
4 	0 	5.91721e+08 	6.85559e-08 	
4 	0 	6.06097e+08 	6.85363e-08 	
4 	0 	6.10814e+08 	6.85316e-08 	
4 	0 	6.10814e+08 	6.85316e-08 	
4 	0 	6.24751e+08 	6.85272e-08 	
4 	0 	6.42863e+08 	6.8538e-08 	
4 	0 	6.47312e+08 	6.85407e-08 	
4 	0 	6.5173e+08 	6.85441e-08 	
4 	0 	6.77637e+08 	6.85796e-08 	
4 	0 	6.81859e+08 	6.8588e-08 	
4 	0 	6.86055e+08 	6.85969e-08 	
4 	0 	6.98492e+08 	6.86277e-08 	
4 	0 	6.98492e+08 	6.86277e-08 	
4 	0 	7.14738e+08 	6.86771e-08 	
4 	0 	7.18743e+08 	6.86909e-08 	
4 	0 	7.4617e+08 	6.88097e-08 	
4 	0 	7.50007e+08 	6.88287e-08 	
4 	0 	7.57621e+08 	6.88681e-08 	
4 	0 	7.57621e+08 	6.88681e-08 	
4 	0 	7.614e+08 	6.88885e-08 	
4 	0 	7.72625e+08 	6.89578e-08 	
4 	0 	7.80019e+08 	6.90108e-08 	
4 	0 	7.9098e+08 	6.90933e-08 	
4 	0 	8.05362e+08 	6.92083e-08 	
4 	0 	8.15983e+08 	6.92982e-08 	
4 	0 	8.19493e+08 	6.93288e-08 	
4 	0 	8.47046e+08 	0 	
4 	0 	8.57151e+08 	0 	
4 	0 	8.63821e+08 	0 	
4 	0 	8.83531e+08 	0 	
4 	0 	9.12297e+08 	0 	
4 	0 	9.24795e+08 	0 	
4 	0 	9.64294e+08 	0 	
4 	0 	9.70229e+08 	0 	
4 	0 	1.01928e+09 	0 	
4 	0 	1.07144e+09 	0 	
4 	1 	0 	3.79763e-07 	
4 	1 	7.57621e+07 	3.83897e-07 	
4 	1 	1.07144e+08 	3.85303e-07 	
4 	1 	1.51524e+08 	3.8632e-07 	
4 	1 	1.69409e+08 	3.85657e-07 	
4 	1 	2.14288e+08 	3.83835e-07 	
4 	1 	2.27286e+08 	3.83183e-07 	
4 	1 	2.39581e+08 	3.82536e-07 	
4 	1 	2.73164e+08 	3.8045e-07 	
4 	1 	3.03049e+08 	3.78592e-07 	
4 	1 	3.12375e+08 	3.78047e-07 	
4 	1 	3.21431e+08 	3.77541e-07 	
4 	1 	3.38819e+08 	3.7662e-07 	
4 	1 	3.78811e+08 	3.74829e-07 	
4 	1 	3.78811e+08 	3.74829e-07 	
4 	1 	3.86313e+08 	3.7454e-07 	
4 	1 	4.07992e+08 	3.7379e-07 	
4 	1 	4.28575e+08 	3.73198e-07 	
4 	1 	4.41765e+08 	3.72685e-07 	
4 	1 	4.54573e+08 	3.72138e-07 	
4 	1 	4.60843e+08 	3.71886e-07 	
4 	1 	4.79162e+08 	3.71201e-07 	
4 	1 	4.85114e+08 	3.71001e-07 	
4 	1 	5.08228e+08 	3.70292e-07 	
4 	1 	5.30335e+08 	3.69794e-07 	
4 	1 	5.35719e+08 	3.69691e-07 	
4 	1 	5.35719e+08 	3.69691e-07 	
4 	1 	5.46328e+08 	3.69508e-07 	
4 	1 	5.51557e+08 	3.69426e-07 	
4 	1 	5.76987e+08 	3.69121e-07 	
4 	1 	5.91721e+08 	3.69014e-07 	
4 	1 	6.06097e+08 	3.6896e-07 	
4 	1 	6.10814e+08 	3.68953e-07 	
4 	1 	6.10814e+08 	3.68953e-07 	
4 	1 	6.24751e+08 	3.68967e-07 	
4 	1 	6.42863e+08 	3.69098e-07 	
4 	1 	6.47312e+08 	3.69155e-07 	
4 	1 	6.5173e+08 	3.69216e-07 	
4 	1 	6.77637e+08 	3.69713e-07 	
4 	1 	6.81859e+08 	3.69817e-07 	
4 	1 	6.86055e+08 	3.69924e-07 	
4 	1 	6.98492e+08 	3.70267e-07 	
4 	1 	6.98492e+08 	3.70267e-07 	
4 	1 	7.14738e+08 	3.70778e-07 	
4 	1 	7.18743e+08 	3.70916e-07 	
4 	1 	7.4617e+08 	3.71962e-07 	
4 	1 	7.50007e+08 	3.72122e-07 	
4 	1 	7.57621e+08 	3.7245e-07 	
4 	1 	7.57621e+08 	3.7245e-07 	
4 	1 	7.614e+08 	3.72617e-07 	
4 	1 	7.72625e+08 	3.73145e-07 	
4 	1 	7.80019e+08 	3.73511e-07 	
4 	1 	7.9098e+08 	3.74075e-07 	
4 	1 	8.05362e+08 	3.74854e-07 	
4 	1 	8.15983e+08 	3.75471e-07 	
4 	1 	8.19493e+08 	3.75698e-07 	
4 	1 	8.47046e+08 	0 	
4 	1 	8.57151e+08 	0 	
4 	1 	8.63821e+08 	0 	
4 	1 	8.83531e+08 	0 	
4 	1 	9.12297e+08 	0 	
4 	1 	9.24795e+08 	0 	
4 	1 	9.64294e+08 	0 	
4 	1 	9.70229e+08 	0 	
4 	1 	1.01928e+09 	0 	
4 	1 	1.07144e+09 	0 	
4 	2 	0 	3.73264e-07 	
4 	2 	7.57621e+07 	3.77606e-07 	
4 	2 	1.07144e+08 	3.7899e-07 	
4 	2 	1.51524e+08 	3.79269e-07 	
4 	2 	1.69409e+08 	3.79156e-07 	
4 	2 	2.14288e+08 	3.7798e-07 	
4 	2 	2.27286e+08 	3.77626e-07 	
4 	2 	2.39581e+08 	3.7729e-07 	
4 	2 	2.73164e+08 	3.76318e-07 	
4 	2 	3.03049e+08 	3.75513e-07 	
4 	2 	3.12375e+08 	3.75279e-07 	
4 	2 	3.21431e+08 	3.75063e-07 	
4 	2 	3.38819e+08 	3.74695e-07 	
4 	2 	3.78811e+08 	3.74112e-07 	
4 	2 	3.78811e+08 	3.74112e-07 	
4 	2 	3.86313e+08 	3.74044e-07 	
4 	2 	4.07992e+08 	3.7391e-07 	
4 	2 	4.28575e+08 	3.73875e-07 	
4 	2 	4.41765e+08 	3.73903e-07 	
4 	2 	4.54573e+08 	3.7396e-07 	
4 	2 	4.60843e+08 	3.73994e-07 	
4 	2 	4.79162e+08 	3.74191e-07 	
4 	2 	4.85114e+08 	3.74275e-07 	
4 	2 	5.08228e+08 	3.74731e-07 	
4 	2 	5.30335e+08 	3.7509e-07 	
4 	2 	5.35719e+08 	3.75189e-07 	
4 	2 	5.35719e+08 	3.75189e-07 	
4 	2 	5.46328e+08 	3.75403e-07 	
4 	2 	5.51557e+08 	3.75517e-07 	
4 	2 	5.76987e+08 	3.76163e-07 	
4 	2 	5.91721e+08 	3.76605e-07 	
4 	2 	6.06097e+08 	3.77086e-07 	
4 	2 	6.10814e+08 	3.77254e-07 	
4 	2 	6.10814e+08 	3.77254e-07 	
4 	2 	6.24751e+08 	3.77782e-07 	
4 	2 	6.42863e+08 	3.78551e-07 	
4 	2 	6.47312e+08 	3.78755e-07 	
4 	2 	6.5173e+08 	3.78964e-07 	
4 	2 	6.77637e+08 	3.80367e-07 	
4 	2 	6.81859e+08 	3.80623e-07 	
4 	2 	6.86055e+08 	3.80881e-07 	
4 	2 	6.98492e+08 	3.81671e-07 	
4 	2 	6.98492e+08 	3.81671e-07 	
4 	2 	7.14738e+08 	3.82754e-07 	
4 	2 	7.18743e+08 	3.8303e-07 	
4 	2 	7.4617e+08 	3.85074e-07 	
4 	2 	7.50007e+08 	3.85374e-07 	
4 	2 	7.57621e+08 	3.85979e-07 	
4 	2 	7.57621e+08 	3.85979e-07 	
4 	2 	7.614e+08 	3.86284e-07 	
4 	2 	7.72625e+08 	3.87208e-07 	
4 	2 	7.80019e+08 	3.87838e-07 	
4 	2 	7.9098e+08 	3.88796e-07 	
4 	2 	8.05362e+08 	3.90089e-07 	
4 	2 	8.15983e+08 	3.91071e-07 	
4 	2 	8.19493e+08 	3.914e-07 	
4 	2 	8.47046e+08 	0 	
4 	2 	8.57151e+08 	0 	
4 	2 	8.63821e+08 	0 	
4 	2 	8.83531e+08 	0 	
4 	2 	9.12297e+08 	0 	
4 	2 	9.24795e+08 	0 	
4 	2 	9.64294e+08 	0 	
4 	2 	9.70229e+08 	0 	
4 	2 	1.01928e+09 	0 	
4 	2 	1.07144e+09 	0 	
4 	3 	0 	4.05017e-07 	
4 	3 	7.57621e+07 	4.11743e-07 	
4 	3 	1.07144e+08 	4.13764e-07 	
4 	3 	1.51524e+08 	4.16279e-07 	
4 	3 	1.69409e+08 	4.17293e-07 	
4 	3 	2.14288e+08 	4.19075e-07 	
4 	3 	2.27286e+08 	4.19439e-07 	
4 	3 	2.39581e+08 	4.19739e-07 	
4 	3 	2.73164e+08 	4.09431e-07 	
4 	3 	3.03049e+08 	4.00276e-07 	
4 	3 	3.12375e+08 	3.97659e-07 	
4 	3 	3.21431e+08 	3.95119e-07 	
4 	3 	3.38819e+08 	3.90261e-07 	
4 	3 	3.78811e+08 	3.79393e-07 	
4 	3 	3.78811e+08 	3.79393e-07 	
4 	3 	3.86313e+08 	3.77504e-07 	
4 	3 	4.07992e+08 	3.72158e-07 	
4 	3 	4.28575e+08 	3.67273e-07 	
4 	3 	4.41765e+08 	3.64285e-07 	
4 	3 	4.54573e+08 	3.61465e-07 	
4 	3 	4.60843e+08 	3.60161e-07 	
4 	3 	4.79162e+08 	3.56465e-07 	
4 	3 	4.85114e+08 	3.55302e-07 	
4 	3 	5.08228e+08 	3.50965e-07 	
4 	3 	5.30335e+08 	3.47089e-07 	
4 	3 	5.35719e+08 	3.46186e-07 	
4 	3 	5.35719e+08 	3.46186e-07 	
4 	3 	5.46328e+08 	3.44454e-07 	
4 	3 	5.51557e+08 	3.43624e-07 	
4 	3 	5.76987e+08 	3.39992e-07 	
4 	3 	5.91721e+08 	3.38262e-07 	
4 	3 	6.06097e+08 	3.36687e-07 	
4 	3 	6.10814e+08 	3.36211e-07 	
4 	3 	6.10814e+08 	3.36211e-07 	
4 	3 	6.24751e+08 	3.34871e-07 	
4 	3 	6.42863e+08 	3.33275e-07 	
4 	3 	6.47312e+08 	3.32908e-07 	
4 	3 	6.5173e+08 	3.32553e-07 	
4 	3 	6.77637e+08 	3.30661e-07 	
4 	3 	6.81859e+08 	3.30383e-07 	
4 	3 	6.86055e+08 	3.30115e-07 	
4 	3 	6.98492e+08 	3.29369e-07 	
4 	3 	6.98492e+08 	3.29369e-07 	
4 	3 	7.14738e+08 	3.28507e-07 	
4 	3 	7.18743e+08 	3.28316e-07 	
4 	3 	7.4617e+08 	3.27402e-07 	
4 	3 	7.50007e+08 	3.27366e-07 	
4 	3 	7.57621e+08 	3.27329e-07 	
4 	3 	7.57621e+08 	3.27329e-07 	
4 	3 	7.614e+08 	3.2732e-07 	
4 	3 	7.72625e+08 	3.27328e-07 	
4 	3 	7.80019e+08 	3.2736e-07 	
4 	3 	7.9098e+08 	3.27448e-07 	
4 	3 	8.05362e+08 	3.27633e-07 	
4 	3 	8.15983e+08 	3.27841e-07 	
4 	3 	8.19493e+08 	3.27933e-07 	
4 	3 	8.47046e+08 	0 	
4 	3 	8.57151e+08 	0 	
4 	3 	8.63821e+08 	0 	
4 	3 	8.83531e+08 	0 	
4 	3 	9.12297e+08 	0 	
4 	3 	9.24795e+08 	0 	
4 	3 	9.64294e+08 	0 	
4 	3 	9.70229e+08 	0 	
4 	3 	1.01928e+09 	0 	
4 	3 	1.07144e+09 	0 	
4 	4 	0 	4.24282e-06 	
4 	4 	7.57621e+07 	4.61636e-06 	
4 	4 	1.07144e+08 	4.78984e-06 	
4 	4 	1.51524e+08 	4.99259e-06 	
4 	4 	1.69409e+08 	5.06239e-06 	
4 	4 	2.14288e+08 	5.23437e-06 	
4 	4 	2.27286e+08 	5.28709e-06 	
4 	4 	2.39581e+08 	5.33686e-06 	
4 	4 	2.73164e+08 	5.48412e-06 	
4 	4 	3.03049e+08 	5.62982e-06 	
4 	4 	3.12375e+08 	5.67755e-06 	
4 	4 	3.21431e+08 	5.72506e-06 	
4 	4 	3.38819e+08 	5.82745e-06 	
4 	4 	3.78811e+08 	6.13434e-06 	
4 	4 	3.78811e+08 	6.13434e-06 	
4 	4 	3.86313e+08 	6.19509e-06 	
4 	4 	4.07992e+08 	6.38111e-06 	
4 	4 	4.28575e+08 	6.56476e-06 	
4 	4 	4.41765e+08 	6.68537e-06 	
4 	4 	4.54573e+08 	6.80548e-06 	
4 	4 	4.60843e+08 	6.86489e-06 	
4 	4 	4.79162e+08 	7.04063e-06 	
4 	4 	4.85114e+08 	7.09851e-06 	
4 	4 	5.08228e+08 	7.32636e-06 	
4 	4 	5.30335e+08 	7.54933e-06 	
4 	4 	5.35719e+08 	7.60419e-06 	
4 	4 	5.35719e+08 	7.60419e-06 	
4 	4 	5.46328e+08 	7.71287e-06 	
4 	4 	5.51557e+08 	7.7667e-06 	
4 	4 	5.76987e+08 	8.03096e-06 	
4 	4 	5.91721e+08 	8.18578e-06 	
4 	4 	6.06097e+08 	8.33794e-06 	
4 	4 	6.10814e+08 	8.38813e-06 	
4 	4 	6.10814e+08 	8.38813e-06 	
4 	4 	6.24751e+08 	8.53765e-06 	
4 	4 	6.42863e+08 	8.73464e-06 	
4 	4 	6.47312e+08 	8.78335e-06 	
4 	4 	6.5173e+08 	8.8318e-06 	
4 	4 	6.77637e+08 	9.11787e-06 	
4 	4 	6.81859e+08 	9.1647e-06 	
4 	4 	6.86055e+08 	9.21129e-06 	
4 	4 	6.98492e+08 	9.34969e-06 	
4 	4 	6.98492e+08 	9.34969e-06 	
4 	4 	7.14738e+08 	9.53112e-06 	
4 	4 	7.18743e+08 	9.57594e-06 	
4 	4 	7.4617e+08 	9.88393e-06 	
4 	4 	7.50007e+08 	9.92714e-06 	
4 	4 	7.57621e+08 	1.0013e-05 	
4 	4 	7.57621e+08 	1.0013e-05 	
4 	4 	7.614e+08 	1.00557e-05 	
4 	4 	7.72625e+08 	1.01826e-05 	
4 	4 	7.80019e+08 	1.02664e-05 	
4 	4 	7.9098e+08 	1.03909e-05 	
4 	4 	8.05362e+08 	1.05547e-05 	
4 	4 	8.15983e+08 	1.06776e-05 	
4 	4 	8.19493e+08 	1.07186e-05 	
4 	4 	8.47046e+08 	0 	
4 	4 	8.57151e+08 	0 	
4 	4 	8.63821e+08 	0 	
4 	4 	8.83531e+08 	0 	
4 	4 	9.12297e+08 	0 	
4 	4 	9.24795e+08 	0 	
4 	4 	9.64294e+08 	0 	
4 	4 	9.70229e+08 	0 	
4 	4 	1.01928e+09 	0 	
4 	4 	1.07144e+09 	0 	
4 	5 	0 	0 	
4 	5 	7.57621e+07 	0 	
4 	5 	1.07144e+08 	0 	
4 	5 	1.51524e+08 	0 	
4 	5 	1.69409e+08 	0 	
4 	5 	2.14288e+08 	0 	
4 	5 	2.27286e+08 	0 	
4 	5 	2.39581e+08 	0 	
4 	5 	2.73164e+08 	0 	
4 	5 	3.03049e+08 	0 	
4 	5 	3.12375e+08 	0 	
4 	5 	3.21431e+08 	4.34356e-07 	
4 	5 	3.38819e+08 	4.17216e-07 	
4 	5 	3.78811e+08 	3.69557e-07 	
4 	5 	3.78811e+08 	3.69557e-07 	
4 	5 	3.86313e+08 	3.63583e-07 	
4 	5 	4.07992e+08 	3.49119e-07 	
4 	5 	4.28575e+08 	3.38572e-07 	
4 	5 	4.41765e+08 	3.30529e-07 	
4 	5 	4.54573e+08 	3.22776e-07 	
4 	5 	4.60843e+08 	3.19148e-07 	
4 	5 	4.79162e+08 	3.09291e-07 	
4 	5 	4.85114e+08 	3.06365e-07 	
4 	5 	5.08228e+08 	2.95983e-07 	
4 	5 	5.30335e+08 	2.87479e-07 	
4 	5 	5.35719e+08 	2.85543e-07 	
4 	5 	5.35719e+08 	2.85543e-07 	
4 	5 	5.46328e+08 	2.81926e-07 	
4 	5 	5.51557e+08 	2.80255e-07 	
4 	5 	5.76987e+08 	2.72713e-07 	
4 	5 	5.91721e+08 	2.68795e-07 	
4 	5 	6.06097e+08 	2.65257e-07 	
4 	5 	6.10814e+08 	2.64172e-07 	
4 	5 	6.10814e+08 	2.64172e-07 	
4 	5 	6.24751e+08 	2.61115e-07 	
4 	5 	6.42863e+08 	2.57453e-07 	
4 	5 	6.47312e+08 	2.56604e-07 	
4 	5 	6.5173e+08 	2.5578e-07 	
4 	5 	6.77637e+08 	2.51312e-07 	
4 	5 	6.81859e+08 	2.5064e-07 	
4 	5 	6.86055e+08 	2.49986e-07 	
4 	5 	6.98492e+08 	2.48151e-07 	
4 	5 	6.98492e+08 	2.48151e-07 	
4 	5 	7.14738e+08 	2.46026e-07 	
4 	5 	7.18743e+08 	2.45568e-07 	
4 	5 	7.4617e+08 	2.42747e-07 	
4 	5 	7.50007e+08 	2.42396e-07 	
4 	5 	7.57621e+08 	2.41725e-07 	
4 	5 	7.57621e+08 	2.41725e-07 	
4 	5 	7.614e+08 	2.41405e-07 	
4 	5 	7.72625e+08 	2.40502e-07 	
4 	5 	7.80019e+08 	2.39945e-07 	
4 	5 	7.9098e+08 	2.39173e-07 	
4 	5 	8.05362e+08 	2.38254e-07 	
4 	5 	8.15983e+08 	2.37641e-07 	
4 	5 	8.19493e+08 	2.3745e-07 	
4 	5 	8.47046e+08 	0 	
4 	5 	8.57151e+08 	0 	
4 	5 	8.63821e+08 	0 	
4 	5 	8.83531e+08 	0 	
4 	5 	9.12297e+08 	0 	
4 	5 	9.24795e+08 	0 	
4 	5 	9.64294e+08 	0 	
4 	5 	9.70229e+08 	0 	
4 	5 	1.01928e+09 	0 	
4 	5 	1.07144e+09 	0 	
5 	0 	0 	2.69267e-07 	
5 	0 	7.57621e+07 	2.71494e-07 	
5 	0 	1.07144e+08 	2.72357e-07 	
5 	0 	1.51524e+08 	2.73246e-07 	
5 	0 	1.69409e+08 	2.73221e-07 	
5 	0 	2.14288e+08 	2.73101e-07 	
5 	0 	2.27286e+08 	2.7295e-07 	
5 	0 	2.39581e+08 	2.72771e-07 	
5 	0 	2.73164e+08 	2.72256e-07 	
5 	0 	3.03049e+08 	2.71829e-07 	
5 	0 	3.12375e+08 	2.71703e-07 	
5 	0 	3.21431e+08 	2.71585e-07 	
5 	0 	3.38819e+08 	2.71364e-07 	
5 	0 	3.78811e+08 	2.70905e-07 	
5 	0 	3.78811e+08 	2.70905e-07 	
5 	0 	3.86313e+08 	2.70829e-07 	
5 	0 	4.07992e+08 	2.70629e-07 	
5 	0 	4.28575e+08 	2.70474e-07 	
5 	0 	4.41765e+08 	2.70392e-07 	
5 	0 	4.54573e+08 	2.70326e-07 	
5 	0 	4.60843e+08 	2.703e-07 	
5 	0 	4.79162e+08 	2.70241e-07 	
5 	0 	4.85114e+08 	2.70229e-07 	
5 	0 	5.08228e+08 	2.70196e-07 	
5 	0 	5.30335e+08 	2.70131e-07 	
5 	0 	5.35719e+08 	2.70123e-07 	
5 	0 	5.35719e+08 	2.70123e-07 	
5 	0 	5.46328e+08 	2.70125e-07 	
5 	0 	5.51557e+08 	2.70131e-07 	
5 	0 	5.76987e+08 	2.70196e-07 	
5 	0 	5.91721e+08 	2.70264e-07 	
5 	0 	6.06097e+08 	2.70352e-07 	
5 	0 	6.10814e+08 	2.70385e-07 	
5 	0 	6.10814e+08 	2.70385e-07 	
5 	0 	6.24751e+08 	2.70498e-07 	
5 	0 	6.42863e+08 	2.70675e-07 	
5 	0 	6.47312e+08 	0 	
5 	0 	6.5173e+08 	0 	
5 	0 	6.77637e+08 	0 	
5 	0 	6.81859e+08 	0 	
5 	0 	6.86055e+08 	0 	
5 	0 	6.98492e+08 	0 	
5 	0 	6.98492e+08 	0 	
5 	0 	7.14738e+08 	0 	
5 	0 	7.18743e+08 	0 	
5 	0 	7.4617e+08 	0 	
5 	0 	7.50007e+08 	0 	
5 	0 	7.57621e+08 	0 	
5 	0 	7.57621e+08 	0 	
5 	0 	7.614e+08 	0 	
5 	0 	7.72625e+08 	0 	
5 	0 	7.80019e+08 	0 	
5 	0 	7.9098e+08 	0 	
5 	0 	8.05362e+08 	0 	
5 	0 	8.15983e+08 	0 	
5 	0 	8.19493e+08 	0 	
5 	0 	8.47046e+08 	0 	
5 	0 	8.57151e+08 	0 	
5 	0 	8.63821e+08 	0 	
5 	0 	8.83531e+08 	0 	
5 	0 	9.12297e+08 	0 	
5 	0 	9.24795e+08 	0 	
5 	0 	9.64294e+08 	0 	
5 	0 	9.70229e+08 	0 	
5 	0 	1.01928e+09 	0 	
5 	0 	1.07144e+09 	0 	
5 	1 	0 	1.9646e-07 	
5 	1 	7.57621e+07 	1.97824e-07 	
5 	1 	1.07144e+08 	1.97988e-07 	
5 	1 	1.51524e+08 	1.98128e-07 	
5 	1 	1.69409e+08 	1.98158e-07 	
5 	1 	2.14288e+08 	1.98171e-07 	
5 	1 	2.27286e+08 	1.9815e-07 	
5 	1 	2.39581e+08 	1.98119e-07 	
5 	1 	2.73164e+08 	1.98026e-07 	
5 	1 	3.03049e+08 	1.97939e-07 	
5 	1 	3.12375e+08 	1.97913e-07 	
5 	1 	3.21431e+08 	1.97888e-07 	
5 	1 	3.38819e+08 	1.97825e-07 	
5 	1 	3.78811e+08 	1.97699e-07 	
5 	1 	3.78811e+08 	1.97699e-07 	
5 	1 	3.86313e+08 	1.97683e-07 	
5 	1 	4.07992e+08 	1.97648e-07 	
5 	1 	4.28575e+08 	1.97641e-07 	
5 	1 	4.41765e+08 	1.97619e-07 	
5 	1 	4.54573e+08 	1.97342e-07 	
5 	1 	4.60843e+08 	1.97209e-07 	
5 	1 	4.79162e+08 	1.96834e-07 	
5 	1 	4.85114e+08 	1.96716e-07 	
5 	1 	5.08228e+08 	1.96278e-07 	
5 	1 	5.30335e+08 	1.9589e-07 	
5 	1 	5.35719e+08 	1.95801e-07 	
5 	1 	5.35719e+08 	1.95801e-07 	
5 	1 	5.46328e+08 	1.95633e-07 	
5 	1 	5.51557e+08 	1.95559e-07 	
5 	1 	5.76987e+08 	1.95231e-07 	
5 	1 	5.91721e+08 	1.95071e-07 	
5 	1 	6.06097e+08 	1.94931e-07 	
5 	1 	6.10814e+08 	1.94887e-07 	
5 	1 	6.10814e+08 	1.94887e-07 	
5 	1 	6.24751e+08 	1.94768e-07 	
5 	1 	6.42863e+08 	1.94638e-07 	
5 	1 	6.47312e+08 	0 	
5 	1 	6.5173e+08 	0 	
5 	1 	6.77637e+08 	0 	
5 	1 	6.81859e+08 	0 	
5 	1 	6.86055e+08 	0 	
5 	1 	6.98492e+08 	0 	
5 	1 	6.98492e+08 	0 	
5 	1 	7.14738e+08 	0 	
5 	1 	7.18743e+08 	0 	
5 	1 	7.4617e+08 	0 	
5 	1 	7.50007e+08 	0 	
5 	1 	7.57621e+08 	0 	
5 	1 	7.57621e+08 	0 	
5 	1 	7.614e+08 	0 	
5 	1 	7.72625e+08 	0 	
5 	1 	7.80019e+08 	0 	
5 	1 	7.9098e+08 	0 	
5 	1 	8.05362e+08 	0 	
5 	1 	8.15983e+08 	0 	
5 	1 	8.19493e+08 	0 	
5 	1 	8.47046e+08 	0 	
5 	1 	8.57151e+08 	0 	
5 	1 	8.63821e+08 	0 	
5 	1 	8.83531e+08 	0 	
5 	1 	9.12297e+08 	0 	
5 	1 	9.24795e+08 	0 	
5 	1 	9.64294e+08 	0 	
5 	1 	9.70229e+08 	0 	
5 	1 	1.01928e+09 	0 	
5 	1 	1.07144e+09 	0 	
5 	2 	0 	2.0035e-07 	
5 	2 	7.57621e+07 	2.01866e-07 	
5 	2 	1.07144e+08 	2.02298e-07 	
5 	2 	1.51524e+08 	2.02795e-07 	
5 	2 	1.69409e+08 	2.02961e-07 	
5 	2 	2.14288e+08 	2.03306e-07 	
5 	2 	2.27286e+08 	2.03391e-07 	
5 	2 	2.39581e+08 	2.03467e-07 	
5 	2 	2.73164e+08 	2.03657e-07 	
5 	2 	3.03049e+08 	2.03807e-07 	
5 	2 	3.12375e+08 	2.03852e-07 	
5 	2 	3.21431e+08 	2.03895e-07 	
5 	2 	3.38819e+08 	2.03977e-07 	
5 	2 	3.78811e+08 	2.04178e-07 	
5 	2 	3.78811e+08 	2.04178e-07 	
5 	2 	3.86313e+08 	2.04218e-07 	
5 	2 	4.07992e+08 	2.04066e-07 	
5 	2 	4.28575e+08 	2.03783e-07 	
5 	2 	4.41765e+08 	2.03623e-07 	
5 	2 	4.54573e+08 	2.03474e-07 	
5 	2 	4.60843e+08 	2.03404e-07 	
5 	2 	4.79162e+08 	2.03207e-07 	
5 	2 	4.85114e+08 	2.03146e-07 	
5 	2 	5.08228e+08 	2.02927e-07 	
5 	2 	5.30335e+08 	2.02743e-07 	
5 	2 	5.35719e+08 	2.02702e-07 	
5 	2 	5.35719e+08 	2.02702e-07 	
5 	2 	5.46328e+08 	2.02627e-07 	
5 	2 	5.51557e+08 	2.02593e-07 	
5 	2 	5.76987e+08 	2.02484e-07 	
5 	2 	5.91721e+08 	2.02448e-07 	
5 	2 	6.06097e+08 	2.02439e-07 	
5 	2 	6.10814e+08 	2.02442e-07 	
5 	2 	6.10814e+08 	2.02442e-07 	
5 	2 	6.24751e+08 	2.02462e-07 	
5 	2 	6.42863e+08 	2.02509e-07 	
5 	2 	6.47312e+08 	0 	
5 	2 	6.5173e+08 	0 	
5 	2 	6.77637e+08 	0 	
5 	2 	6.81859e+08 	0 	
5 	2 	6.86055e+08 	0 	
5 	2 	6.98492e+08 	0 	
5 	2 	6.98492e+08 	0 	
5 	2 	7.14738e+08 	0 	
5 	2 	7.18743e+08 	0 	
5 	2 	7.4617e+08 	0 	
5 	2 	7.50007e+08 	0 	
5 	2 	7.57621e+08 	0 	
5 	2 	7.57621e+08 	0 	
5 	2 	7.614e+08 	0 	
5 	2 	7.72625e+08 	0 	
5 	2 	7.80019e+08 	0 	
5 	2 	7.9098e+08 	0 	
5 	2 	8.05362e+08 	0 	
5 	2 	8.15983e+08 	0 	
5 	2 	8.19493e+08 	0 	
5 	2 	8.47046e+08 	0 	
5 	2 	8.57151e+08 	0 	
5 	2 	8.63821e+08 	0 	
5 	2 	8.83531e+08 	0 	
5 	2 	9.12297e+08 	0 	
5 	2 	9.24795e+08 	0 	
5 	2 	9.64294e+08 	0 	
5 	2 	9.70229e+08 	0 	
5 	2 	1.01928e+09 	0 	
5 	2 	1.07144e+09 	0 	
5 	3 	0 	4.62204e-07 	
5 	3 	7.57621e+07 	4.67816e-07 	
5 	3 	1.07144e+08 	4.69434e-07 	
5 	3 	1.51524e+08 	4.71197e-07 	
5 	3 	1.69409e+08 	4.71811e-07 	
5 	3 	2.14288e+08 	4.72907e-07 	
5 	3 	2.27286e+08 	4.73173e-07 	
5 	3 	2.39581e+08 	4.7342e-07 	
5 	3 	2.73164e+08 	4.7395e-07 	
5 	3 	3.03049e+08 	4.74294e-07 	
5 	3 	3.12375e+08 	4.74384e-07 	
5 	3 	3.21431e+08 	4.74485e-07 	
5 	3 	3.38819e+08 	4.74706e-07 	
5 	3 	3.78811e+08 	4.75453e-07 	
5 	3 	3.78811e+08 	4.75453e-07 	
5 	3 	3.86313e+08 	4.75609e-07 	
5 	3 	4.07992e+08 	4.76072e-07 	
5 	3 	4.28575e+08 	4.76544e-07 	
5 	3 	4.41765e+08 	4.76894e-07 	
5 	3 	4.54573e+08 	4.77343e-07 	
5 	3 	4.60843e+08 	4.77605e-07 	
5 	3 	4.79162e+08 	4.78444e-07 	
5 	3 	4.85114e+08 	4.78734e-07 	
5 	3 	5.08228e+08 	4.79878e-07 	
5 	3 	5.30335e+08 	4.81121e-07 	
5 	3 	5.35719e+08 	4.8145e-07 	
5 	3 	5.35719e+08 	4.8145e-07 	
5 	3 	5.46328e+08 	4.82113e-07 	
5 	3 	5.51557e+08 	4.82448e-07 	
5 	3 	5.76987e+08 	4.84158e-07 	
5 	3 	5.91721e+08 	4.85213e-07 	
5 	3 	6.06097e+08 	4.8629e-07 	
5 	3 	6.10814e+08 	4.86654e-07 	
5 	3 	6.10814e+08 	4.86654e-07 	
5 	3 	6.24751e+08 	4.8776e-07 	
5 	3 	6.42863e+08 	4.89287e-07 	
5 	3 	6.47312e+08 	0 	
5 	3 	6.5173e+08 	0 	
5 	3 	6.77637e+08 	0 	
5 	3 	6.81859e+08 	0 	
5 	3 	6.86055e+08 	0 	
5 	3 	6.98492e+08 	0 	
5 	3 	6.98492e+08 	0 	
5 	3 	7.14738e+08 	0 	
5 	3 	7.18743e+08 	0 	
5 	3 	7.4617e+08 	0 	
5 	3 	7.50007e+08 	0 	
5 	3 	7.57621e+08 	0 	
5 	3 	7.57621e+08 	0 	
5 	3 	7.614e+08 	0 	
5 	3 	7.72625e+08 	0 	
5 	3 	7.80019e+08 	0 	
5 	3 	7.9098e+08 	0 	
5 	3 	8.05362e+08 	0 	
5 	3 	8.15983e+08 	0 	
5 	3 	8.19493e+08 	0 	
5 	3 	8.47046e+08 	0 	
5 	3 	8.57151e+08 	0 	
5 	3 	8.63821e+08 	0 	
5 	3 	8.83531e+08 	0 	
5 	3 	9.12297e+08 	0 	
5 	3 	9.24795e+08 	0 	
5 	3 	9.64294e+08 	0 	
5 	3 	9.70229e+08 	0 	
5 	3 	1.01928e+09 	0 	
5 	3 	1.07144e+09 	0 	
5 	4 	0 	2.13835e-07 	
5 	4 	7.57621e+07 	2.18985e-07 	
5 	4 	1.07144e+08 	2.20947e-07 	
5 	4 	1.51524e+08 	2.23266e-07 	
5 	4 	1.69409e+08 	2.2406e-07 	
5 	4 	2.14288e+08 	2.25796e-07 	
5 	4 	2.27286e+08 	2.26286e-07 	
5 	4 	2.39581e+08 	2.26833e-07 	
5 	4 	2.73164e+08 	2.28194e-07 	
5 	4 	3.03049e+08 	2.29276e-07 	
5 	4 	3.12375e+08 	2.29617e-07 	
5 	4 	3.21431e+08 	2.30001e-07 	
5 	4 	3.38819e+08 	2.30722e-07 	
5 	4 	3.78811e+08 	2.32349e-07 	
5 	4 	3.78811e+08 	2.32349e-07 	
5 	4 	3.86313e+08 	2.32669e-07 	
5 	4 	4.07992e+08 	2.33609e-07 	
5 	4 	4.28575e+08 	2.34605e-07 	
5 	4 	4.41765e+08 	2.35257e-07 	
5 	4 	4.54573e+08 	2.35903e-07 	
5 	4 	4.60843e+08 	2.36226e-07 	
5 	4 	4.79162e+08 	2.37191e-07 	
5 	4 	4.85114e+08 	2.37165e-07 	
5 	4 	5.08228e+08 	2.34892e-07 	
5 	4 	5.30335e+08 	2.32947e-07 	
5 	4 	5.35719e+08 	2.32519e-07 	
5 	4 	5.35719e+08 	2.32519e-07 	
5 	4 	5.46328e+08 	2.31691e-07 	
5 	4 	5.51557e+08 	2.3129e-07 	
5 	4 	5.76987e+08 	2.29436e-07 	
5 	4 	5.91721e+08 	2.28437e-07 	
5 	4 	6.06097e+08 	2.27505e-07 	
5 	4 	6.10814e+08 	2.27209e-07 	
5 	4 	6.10814e+08 	2.27209e-07 	
5 	4 	6.24751e+08 	2.26359e-07 	
5 	4 	6.42863e+08 	2.25316e-07 	
5 	4 	6.47312e+08 	0 	
5 	4 	6.5173e+08 	0 	
5 	4 	6.77637e+08 	0 	
5 	4 	6.81859e+08 	0 	
5 	4 	6.86055e+08 	0 	
5 	4 	6.98492e+08 	0 	
5 	4 	6.98492e+08 	0 	
5 	4 	7.14738e+08 	0 	
5 	4 	7.18743e+08 	0 	
5 	4 	7.4617e+08 	0 	
5 	4 	7.50007e+08 	0 	
5 	4 	7.57621e+08 	0 	
5 	4 	7.57621e+08 	0 	
5 	4 	7.614e+08 	0 	
5 	4 	7.72625e+08 	0 	
5 	4 	7.80019e+08 	0 	
5 	4 	7.9098e+08 	0 	
5 	4 	8.05362e+08 	0 	
5 	4 	8.15983e+08 	0 	
5 	4 	8.19493e+08 	0 	
5 	4 	8.47046e+08 	0 	
5 	4 	8.57151e+08 	0 	
5 	4 	8.63821e+08 	0 	
5 	4 	8.83531e+08 	0 	
5 	4 	9.12297e+08 	0 	
5 	4 	9.24795e+08 	0 	
5 	4 	9.64294e+08 	0 	
5 	4 	9.70229e+08 	0 	
5 	4 	1.01928e+09 	0 	
5 	4 	1.07144e+09 	0 	
5 	5 	0 	3.61956e-06 	
5 	5 	7.57621e+07 	3.86172e-06 	
5 	5 	1.07144e+08 	4.06929e-06 	
5 	5 	1.51524e+08 	4.32135e-06 	
5 	5 	1.69409e+08 	4.40991e-06 	
5 	5 	2.14288e+08 	4.63228e-06 	
5 	5 	2.27286e+08 	4.69518e-06 	
5 	5 	2.39581e+08 	4.75348e-06 	
5 	5 	2.73164e+08 	4.92405e-06 	
5 	5 	3.03049e+08 	5.08059e-06 	
5 	5 	3.12375e+08 	5.13063e-06 	
5 	5 	3.21431e+08 	5.19461e-06 	
5 	5 	3.38819e+08 	5.32516e-06 	
5 	5 	3.78811e+08 	5.64537e-06 	
5 	5 	3.78811e+08 	5.64537e-06 	
5 	5 	3.86313e+08 	5.709e-06 	
5 	5 	4.07992e+08 	5.90273e-06 	
5 	5 	4.28575e+08 	6.09125e-06 	
5 	5 	4.41765e+08 	6.2153e-06 	
5 	5 	4.54573e+08 	6.33791e-06 	
5 	5 	4.60843e+08 	6.39847e-06 	
5 	5 	4.79162e+08 	6.57742e-06 	
5 	5 	4.85114e+08 	6.63629e-06 	
5 	5 	5.08228e+08 	6.86767e-06 	
5 	5 	5.30335e+08 	7.09349e-06 	
5 	5 	5.35719e+08 	7.14899e-06 	
5 	5 	5.35719e+08 	7.14899e-06 	
5 	5 	5.46328e+08 	7.25888e-06 	
5 	5 	5.51557e+08 	7.31329e-06 	
5 	5 	5.76987e+08 	7.58022e-06 	
5 	5 	5.91721e+08 	7.73649e-06 	
5 	5 	6.06097e+08 	7.89e-06 	
5 	5 	6.10814e+08 	7.94077e-06 	
5 	5 	6.10814e+08 	7.94077e-06 	
5 	5 	6.24751e+08 	8.09152e-06 	
5 	5 	6.42863e+08 	8.29032e-06 	
5 	5 	6.47312e+08 	0 	
5 	5 	6.5173e+08 	0 	
5 	5 	6.77637e+08 	0 	
5 	5 	6.81859e+08 	0 	
5 	5 	6.86055e+08 	0 	
5 	5 	6.98492e+08 	0 	
5 	5 	6.98492e+08 	0 	
5 	5 	7.14738e+08 	0 	
5 	5 	7.18743e+08 	0 	
5 	5 	7.4617e+08 	0 	
5 	5 	7.50007e+08 	0 	
5 	5 	7.57621e+08 	0 	
5 	5 	7.57621e+08 	0 	
5 	5 	7.614e+08 	0 	
5 	5 	7.72625e+08 	0 	
5 	5 	7.80019e+08 	0 	
5 	5 	7.9098e+08 	0 	
5 	5 	8.05362e+08 	0 	
5 	5 	8.15983e+08 	0 	
5 	5 	8.19493e+08 	0 	
5 	5 	8.47046e+08 	0 	
5 	5 	8.57151e+08 	0 	
5 	5 	8.63821e+08 	0 	
5 	5 	8.83531e+08 	0 	
5 	5 	9.12297e+08 	0 	
5 	5 	9.24795e+08 	0 	
5 	5 	9.64294e+08 	0 	
5 	5 	9.70229e+08 	0 	
5 	5 	1.01928e+09 	0 	
5 	5 	1.07144e+09 	0 	
