
0 	0 	0 	0 	
0 	0 	7.57621e+07 	0 	
0 	0 	1.07144e+08 	0 	
0 	0 	1.51524e+08 	0 	
0 	0 	1.69409e+08 	0 	
0 	0 	2.14288e+08 	0 	
0 	0 	2.27286e+08 	0 	
0 	0 	2.39581e+08 	0 	
0 	0 	2.73164e+08 	7.73635e+12 	
0 	0 	3.03049e+08 	8.05551e+12 	
0 	0 	3.12375e+08 	8.10994e+12 	
0 	0 	3.21431e+08 	8.15603e+12 	
0 	0 	3.38819e+08 	8.24259e+12 	
0 	0 	3.78811e+08 	8.50194e+12 	
0 	0 	3.78811e+08 	8.50194e+12 	
0 	0 	3.86313e+08 	8.56135e+12 	
0 	0 	4.07992e+08 	8.74186e+12 	
0 	0 	4.28575e+08 	8.9265e+12 	
0 	0 	4.41765e+08 	9.0518e+12 	
0 	0 	4.54573e+08 	9.19714e+12 	
0 	0 	4.60843e+08 	9.2738e+12 	
0 	0 	4.79162e+08 	9.5066e+12 	
0 	0 	4.85114e+08 	9.58371e+12 	
0 	0 	5.08228e+08 	9.90363e+12 	
0 	0 	5.30335e+08 	1.02184e+13 	
0 	0 	5.35719e+08 	1.02971e+13 	
0 	0 	5.35719e+08 	1.02971e+13 	
0 	0 	5.46328e+08 	1.04531e+13 	
0 	0 	5.51557e+08 	1.05304e+13 	
0 	0 	5.76987e+08 	1.09114e+13 	
0 	0 	5.91721e+08 	1.11354e+13 	
0 	0 	6.06097e+08 	1.13569e+13 	
0 	0 	6.10814e+08 	1.14298e+13 	
0 	0 	6.10814e+08 	1.14298e+13 	
0 	0 	6.24751e+08 	1.16463e+13 	
0 	0 	6.42863e+08 	1.19294e+13 	
0 	0 	6.47312e+08 	1.19991e+13 	
0 	0 	6.5173e+08 	1.20686e+13 	
0 	0 	6.77637e+08 	1.24774e+13 	
0 	0 	6.81859e+08 	1.25443e+13 	
0 	0 	6.86055e+08 	1.26112e+13 	
0 	0 	6.98492e+08 	1.28103e+13 	
0 	0 	6.98492e+08 	1.28103e+13 	
0 	0 	7.14738e+08 	1.30739e+13 	
0 	0 	7.18743e+08 	1.31391e+13 	
0 	0 	7.4617e+08 	1.35878e+13 	
0 	0 	7.50007e+08 	1.36507e+13 	
0 	0 	7.57621e+08 	1.37756e+13 	
0 	0 	7.57621e+08 	1.37756e+13 	
0 	0 	7.614e+08 	1.38376e+13 	
0 	0 	7.72625e+08 	1.4022e+13 	
0 	0 	7.80019e+08 	1.41435e+13 	
0 	0 	7.9098e+08 	1.43237e+13 	
0 	0 	8.05362e+08 	1.45604e+13 	
0 	0 	8.15983e+08 	1.47352e+13 	
0 	0 	8.19493e+08 	1.47931e+13 	
0 	0 	8.47046e+08 	1.52477e+13 	
0 	0 	8.57151e+08 	1.54148e+13 	
0 	0 	8.63821e+08 	1.55253e+13 	
0 	0 	8.83531e+08 	1.58561e+13 	
0 	0 	9.12297e+08 	1.6345e+13 	
0 	0 	9.24795e+08 	1.65575e+13 	
0 	0 	9.64294e+08 	1.72307e+13 	
0 	0 	9.70229e+08 	1.73317e+13 	
0 	0 	1.01928e+09 	1.81661e+13 	
0 	0 	1.07144e+09 	1.90514e+13 	
0 	1 	0 	0 	
0 	1 	7.57621e+07 	0 	
0 	1 	1.07144e+08 	0 	
0 	1 	1.51524e+08 	0 	
0 	1 	1.69409e+08 	0 	
0 	1 	2.14288e+08 	0 	
0 	1 	2.27286e+08 	0 	
0 	1 	2.39581e+08 	0 	
0 	1 	2.73164e+08 	0 	
0 	1 	3.03049e+08 	0 	
0 	1 	3.12375e+08 	0 	
0 	1 	3.21431e+08 	0 	
0 	1 	3.38819e+08 	0 	
0 	1 	3.78811e+08 	0 	
0 	1 	3.78811e+08 	0 	
0 	1 	3.86313e+08 	0 	
0 	1 	4.07992e+08 	0 	
0 	1 	4.28575e+08 	0 	
0 	1 	4.41765e+08 	0 	
0 	1 	4.54573e+08 	6.7005e+11 	
0 	1 	4.60843e+08 	6.75051e+11 	
0 	1 	4.79162e+08 	6.76253e+11 	
0 	1 	4.85114e+08 	6.75929e+11 	
0 	1 	5.08228e+08 	6.74356e+11 	
0 	1 	5.30335e+08 	6.73005e+11 	
0 	1 	5.35719e+08 	6.72816e+11 	
0 	1 	5.35719e+08 	6.72816e+11 	
0 	1 	5.46328e+08 	6.72397e+11 	
0 	1 	5.51557e+08 	6.70099e+11 	
0 	1 	5.76987e+08 	6.53918e+11 	
0 	1 	5.91721e+08 	6.45431e+11 	
0 	1 	6.06097e+08 	6.37923e+11 	
0 	1 	6.10814e+08 	6.35608e+11 	
0 	1 	6.10814e+08 	6.35608e+11 	
0 	1 	6.24751e+08 	6.29086e+11 	
0 	1 	6.42863e+08 	6.21358e+11 	
0 	1 	6.47312e+08 	6.19595e+11 	
0 	1 	6.5173e+08 	6.17886e+11 	
0 	1 	6.77637e+08 	6.09017e+11 	
0 	1 	6.81859e+08 	6.07711e+11 	
0 	1 	6.86055e+08 	6.06445e+11 	
0 	1 	6.98492e+08 	6.02878e+11 	
0 	1 	6.98492e+08 	6.02878e+11 	
0 	1 	7.14738e+08 	5.98621e+11 	
0 	1 	7.18743e+08 	5.97639e+11 	
0 	1 	7.4617e+08 	5.91654e+11 	
0 	1 	7.50007e+08 	5.90958e+11 	
0 	1 	7.57621e+08 	5.89743e+11 	
0 	1 	7.57621e+08 	5.89743e+11 	
0 	1 	7.614e+08 	5.89196e+11 	
0 	1 	7.72625e+08 	5.87683e+11 	
0 	1 	7.80019e+08 	5.86777e+11 	
0 	1 	7.9098e+08 	5.85641e+11 	
0 	1 	8.05362e+08 	5.84416e+11 	
0 	1 	8.15983e+08 	5.83665e+11 	
0 	1 	8.19493e+08 	5.83445e+11 	
0 	1 	8.47046e+08 	5.82176e+11 	
0 	1 	8.57151e+08 	5.81907e+11 	
0 	1 	8.63821e+08 	5.81785e+11 	
0 	1 	8.83531e+08 	5.81699e+11 	
0 	1 	9.12297e+08 	5.81998e+11 	
0 	1 	9.24795e+08 	5.82397e+11 	
0 	1 	9.64294e+08 	5.84522e+11 	
0 	1 	9.70229e+08 	5.84943e+11 	
0 	1 	1.01928e+09 	5.90016e+11 	
0 	1 	1.07144e+09 	5.97383e+11 	
0 	2 	0 	0 	
0 	2 	7.57621e+07 	0 	
0 	2 	1.07144e+08 	0 	
0 	2 	1.51524e+08 	0 	
0 	2 	1.69409e+08 	0 	
0 	2 	2.14288e+08 	0 	
0 	2 	2.27286e+08 	0 	
0 	2 	2.39581e+08 	0 	
0 	2 	2.73164e+08 	0 	
0 	2 	3.03049e+08 	0 	
0 	2 	3.12375e+08 	0 	
0 	2 	3.21431e+08 	0 	
0 	2 	3.38819e+08 	0 	
0 	2 	3.78811e+08 	0 	
0 	2 	3.78811e+08 	0 	
0 	2 	3.86313e+08 	0 	
0 	2 	4.07992e+08 	0 	
0 	2 	4.28575e+08 	0 	
0 	2 	4.41765e+08 	0 	
0 	2 	4.54573e+08 	0 	
0 	2 	4.60843e+08 	0 	
0 	2 	4.79162e+08 	0 	
0 	2 	4.85114e+08 	0 	
0 	2 	5.08228e+08 	6.91713e+11 	
0 	2 	5.30335e+08 	6.88908e+11 	
0 	2 	5.35719e+08 	6.88291e+11 	
0 	2 	5.35719e+08 	6.88291e+11 	
0 	2 	5.46328e+08 	6.87181e+11 	
0 	2 	5.51557e+08 	6.86468e+11 	
0 	2 	5.76987e+08 	6.83487e+11 	
0 	2 	5.91721e+08 	6.82291e+11 	
0 	2 	6.06097e+08 	6.81412e+11 	
0 	2 	6.10814e+08 	6.81187e+11 	
0 	2 	6.10814e+08 	6.81187e+11 	
0 	2 	6.24751e+08 	6.80862e+11 	
0 	2 	6.42863e+08 	6.79459e+11 	
0 	2 	6.47312e+08 	6.77518e+11 	
0 	2 	6.5173e+08 	6.75638e+11 	
0 	2 	6.77637e+08 	6.65816e+11 	
0 	2 	6.81859e+08 	6.64421e+11 	
0 	2 	6.86055e+08 	6.63069e+11 	
0 	2 	6.98492e+08 	6.59268e+11 	
0 	2 	6.98492e+08 	6.59268e+11 	
0 	2 	7.14738e+08 	6.54743e+11 	
0 	2 	7.18743e+08 	6.53701e+11 	
0 	2 	7.4617e+08 	6.47309e+11 	
0 	2 	7.50007e+08 	6.46514e+11 	
0 	2 	7.57621e+08 	6.45026e+11 	
0 	2 	7.57621e+08 	6.45026e+11 	
0 	2 	7.614e+08 	6.44369e+11 	
0 	2 	7.72625e+08 	6.42662e+11 	
0 	2 	7.80019e+08 	6.41675e+11 	
0 	2 	7.9098e+08 	6.40351e+11 	
0 	2 	8.05362e+08 	6.38944e+11 	
0 	2 	8.15983e+08 	6.38133e+11 	
0 	2 	8.19493e+08 	6.37896e+11 	
0 	2 	8.47046e+08 	6.36538e+11 	
0 	2 	8.57151e+08 	6.36256e+11 	
0 	2 	8.63821e+08 	6.3613e+11 	
0 	2 	8.83531e+08 	6.36033e+11 	
0 	2 	9.12297e+08 	6.3577e+11 	
0 	2 	9.24795e+08 	6.35923e+11 	
0 	2 	9.64294e+08 	6.37569e+11 	
0 	2 	9.70229e+08 	6.37931e+11 	
0 	2 	1.01928e+09 	6.42437e+11 	
0 	2 	1.07144e+09 	6.49427e+11 	
0 	3 	0 	0 	
0 	3 	7.57621e+07 	0 	
0 	3 	1.07144e+08 	0 	
0 	3 	1.51524e+08 	0 	
0 	3 	1.69409e+08 	0 	
0 	3 	2.14288e+08 	0 	
0 	3 	2.27286e+08 	0 	
0 	3 	2.39581e+08 	0 	
0 	3 	2.73164e+08 	0 	
0 	3 	3.03049e+08 	0 	
0 	3 	3.12375e+08 	0 	
0 	3 	3.21431e+08 	0 	
0 	3 	3.38819e+08 	0 	
0 	3 	3.78811e+08 	0 	
0 	3 	3.78811e+08 	0 	
0 	3 	3.86313e+08 	0 	
0 	3 	4.07992e+08 	0 	
0 	3 	4.28575e+08 	0 	
0 	3 	4.41765e+08 	0 	
0 	3 	4.54573e+08 	0 	
0 	3 	4.60843e+08 	0 	
0 	3 	4.79162e+08 	0 	
0 	3 	4.85114e+08 	0 	
0 	3 	5.08228e+08 	0 	
0 	3 	5.30335e+08 	0 	
0 	3 	5.35719e+08 	0 	
0 	3 	5.35719e+08 	0 	
0 	3 	5.46328e+08 	0 	
0 	3 	5.51557e+08 	0 	
0 	3 	5.76987e+08 	0 	
0 	3 	5.91721e+08 	0 	
0 	3 	6.06097e+08 	0 	
0 	3 	6.10814e+08 	0 	
0 	3 	6.10814e+08 	0 	
0 	3 	6.24751e+08 	0 	
0 	3 	6.42863e+08 	0 	
0 	3 	6.47312e+08 	0 	
0 	3 	6.5173e+08 	0 	
0 	3 	6.77637e+08 	0 	
0 	3 	6.81859e+08 	0 	
0 	3 	6.86055e+08 	0 	
0 	3 	6.98492e+08 	0 	
0 	3 	6.98492e+08 	0 	
0 	3 	7.14738e+08 	0 	
0 	3 	7.18743e+08 	6.38236e+11 	
0 	3 	7.4617e+08 	6.44373e+11 	
0 	3 	7.50007e+08 	6.44781e+11 	
0 	3 	7.57621e+08 	6.45536e+11 	
0 	3 	7.57621e+08 	6.45536e+11 	
0 	3 	7.614e+08 	6.4589e+11 	
0 	3 	7.72625e+08 	6.46898e+11 	
0 	3 	7.80019e+08 	6.46297e+11 	
0 	3 	7.9098e+08 	6.45379e+11 	
0 	3 	8.05362e+08 	6.44397e+11 	
0 	3 	8.15983e+08 	6.43799e+11 	
0 	3 	8.19493e+08 	6.43621e+11 	
0 	3 	8.47046e+08 	6.41969e+11 	
0 	3 	8.57151e+08 	6.41491e+11 	
0 	3 	8.63821e+08 	6.41232e+11 	
0 	3 	8.83531e+08 	6.40665e+11 	
0 	3 	9.12297e+08 	6.40473e+11 	
0 	3 	9.24795e+08 	6.40622e+11 	
0 	3 	9.64294e+08 	6.41632e+11 	
0 	3 	9.70229e+08 	6.41852e+11 	
0 	3 	1.01928e+09 	6.44582e+11 	
0 	3 	1.07144e+09 	6.494e+11 	
0 	4 	0 	0 	
0 	4 	7.57621e+07 	0 	
0 	4 	1.07144e+08 	0 	
0 	4 	1.51524e+08 	0 	
0 	4 	1.69409e+08 	0 	
0 	4 	2.14288e+08 	0 	
0 	4 	2.27286e+08 	0 	
0 	4 	2.39581e+08 	0 	
0 	4 	2.73164e+08 	0 	
0 	4 	3.03049e+08 	0 	
0 	4 	3.12375e+08 	0 	
0 	4 	3.21431e+08 	0 	
0 	4 	3.38819e+08 	0 	
0 	4 	3.78811e+08 	0 	
0 	4 	3.78811e+08 	0 	
0 	4 	3.86313e+08 	0 	
0 	4 	4.07992e+08 	0 	
0 	4 	4.28575e+08 	0 	
0 	4 	4.41765e+08 	0 	
0 	4 	4.54573e+08 	0 	
0 	4 	4.60843e+08 	0 	
0 	4 	4.79162e+08 	0 	
0 	4 	4.85114e+08 	0 	
0 	4 	5.08228e+08 	0 	
0 	4 	5.30335e+08 	0 	
0 	4 	5.35719e+08 	0 	
0 	4 	5.35719e+08 	0 	
0 	4 	5.46328e+08 	0 	
0 	4 	5.51557e+08 	0 	
0 	4 	5.76987e+08 	0 	
0 	4 	5.91721e+08 	0 	
0 	4 	6.06097e+08 	0 	
0 	4 	6.10814e+08 	0 	
0 	4 	6.10814e+08 	0 	
0 	4 	6.24751e+08 	0 	
0 	4 	6.42863e+08 	0 	
0 	4 	6.47312e+08 	0 	
0 	4 	6.5173e+08 	0 	
0 	4 	6.77637e+08 	0 	
0 	4 	6.81859e+08 	0 	
0 	4 	6.86055e+08 	0 	
0 	4 	6.98492e+08 	0 	
0 	4 	6.98492e+08 	0 	
0 	4 	7.14738e+08 	0 	
0 	4 	7.18743e+08 	0 	
0 	4 	7.4617e+08 	0 	
0 	4 	7.50007e+08 	0 	
0 	4 	7.57621e+08 	0 	
0 	4 	7.57621e+08 	0 	
0 	4 	7.614e+08 	0 	
0 	4 	7.72625e+08 	0 	
0 	4 	7.80019e+08 	0 	
0 	4 	7.9098e+08 	0 	
0 	4 	8.05362e+08 	0 	
0 	4 	8.15983e+08 	0 	
0 	4 	8.19493e+08 	0 	
0 	4 	8.47046e+08 	1.10552e+11 	
0 	4 	8.57151e+08 	1.10749e+11 	
0 	4 	8.63821e+08 	1.10855e+11 	
0 	4 	8.83531e+08 	1.11094e+11 	
0 	4 	9.12297e+08 	1.11402e+11 	
0 	4 	9.24795e+08 	1.11535e+11 	
0 	4 	9.64294e+08 	1.12007e+11 	
0 	4 	9.70229e+08 	1.12089e+11 	
0 	4 	1.01928e+09 	1.1289e+11 	
0 	4 	1.07144e+09 	1.13903e+11 	
0 	5 	0 	0 	
0 	5 	7.57621e+07 	0 	
0 	5 	1.07144e+08 	0 	
0 	5 	1.51524e+08 	0 	
0 	5 	1.69409e+08 	0 	
0 	5 	2.14288e+08 	0 	
0 	5 	2.27286e+08 	0 	
0 	5 	2.39581e+08 	0 	
0 	5 	2.73164e+08 	0 	
0 	5 	3.03049e+08 	0 	
0 	5 	3.12375e+08 	0 	
0 	5 	3.21431e+08 	0 	
0 	5 	3.38819e+08 	0 	
0 	5 	3.78811e+08 	0 	
0 	5 	3.78811e+08 	0 	
0 	5 	3.86313e+08 	0 	
0 	5 	4.07992e+08 	0 	
0 	5 	4.28575e+08 	0 	
0 	5 	4.41765e+08 	0 	
0 	5 	4.54573e+08 	0 	
0 	5 	4.60843e+08 	0 	
0 	5 	4.79162e+08 	0 	
0 	5 	4.85114e+08 	0 	
0 	5 	5.08228e+08 	0 	
0 	5 	5.30335e+08 	0 	
0 	5 	5.35719e+08 	0 	
0 	5 	5.35719e+08 	0 	
0 	5 	5.46328e+08 	0 	
0 	5 	5.51557e+08 	0 	
0 	5 	5.76987e+08 	0 	
0 	5 	5.91721e+08 	0 	
0 	5 	6.06097e+08 	0 	
0 	5 	6.10814e+08 	0 	
0 	5 	6.10814e+08 	0 	
0 	5 	6.24751e+08 	0 	
0 	5 	6.42863e+08 	0 	
0 	5 	6.47312e+08 	0 	
0 	5 	6.5173e+08 	0 	
0 	5 	6.77637e+08 	0 	
0 	5 	6.81859e+08 	0 	
0 	5 	6.86055e+08 	0 	
0 	5 	6.98492e+08 	0 	
0 	5 	6.98492e+08 	0 	
0 	5 	7.14738e+08 	0 	
0 	5 	7.18743e+08 	0 	
0 	5 	7.4617e+08 	0 	
0 	5 	7.50007e+08 	0 	
0 	5 	7.57621e+08 	0 	
0 	5 	7.57621e+08 	0 	
0 	5 	7.614e+08 	0 	
0 	5 	7.72625e+08 	0 	
0 	5 	7.80019e+08 	0 	
0 	5 	7.9098e+08 	0 	
0 	5 	8.05362e+08 	0 	
0 	5 	8.15983e+08 	0 	
0 	5 	8.19493e+08 	0 	
0 	5 	8.47046e+08 	0 	
0 	5 	8.57151e+08 	0 	
0 	5 	8.63821e+08 	0 	
0 	5 	8.83531e+08 	0 	
0 	5 	9.12297e+08 	0 	
0 	5 	9.24795e+08 	0 	
0 	5 	9.64294e+08 	0 	
0 	5 	9.70229e+08 	0 	
0 	5 	1.01928e+09 	0 	
0 	5 	1.07144e+09 	4.3467e+11 	
1 	0 	0 	1.11505e+12 	
1 	0 	7.57621e+07 	1.07337e+12 	
1 	0 	1.07144e+08 	1.01948e+12 	
1 	0 	1.51524e+08 	9.558e+11 	
1 	0 	1.69409e+08 	9.24059e+11 	
1 	0 	2.14288e+08 	8.56323e+11 	
1 	0 	2.27286e+08 	8.3949e+11 	
1 	0 	2.39581e+08 	8.24359e+11 	
1 	0 	2.73164e+08 	7.88213e+11 	
1 	0 	3.03049e+08 	7.61305e+11 	
1 	0 	3.12375e+08 	7.53826e+11 	
1 	0 	3.21431e+08 	7.46995e+11 	
1 	0 	3.38819e+08 	7.34997e+11 	
1 	0 	3.78811e+08 	7.12548e+11 	
1 	0 	3.78811e+08 	7.12548e+11 	
1 	0 	3.86313e+08 	7.05865e+11 	
1 	0 	4.07992e+08 	6.86541e+11 	
1 	0 	4.28575e+08 	6.69565e+11 	
1 	0 	4.41765e+08 	6.59452e+11 	
1 	0 	4.54573e+08 	6.50235e+11 	
1 	0 	4.60843e+08 	6.45993e+11 	
1 	0 	4.79162e+08 	6.3443e+11 	
1 	0 	4.85114e+08 	6.30895e+11 	
1 	0 	5.08228e+08 	6.18215e+11 	
1 	0 	5.30335e+08 	6.07577e+11 	
1 	0 	5.35719e+08 	6.05226e+11 	
1 	0 	5.35719e+08 	6.05226e+11 	
1 	0 	5.46328e+08 	6.00788e+11 	
1 	0 	5.51557e+08 	5.98694e+11 	
1 	0 	5.76987e+08 	5.89332e+11 	
1 	0 	5.91721e+08 	5.84498e+11 	
1 	0 	6.06097e+08 	5.80169e+11 	
1 	0 	6.10814e+08 	5.78829e+11 	
1 	0 	6.10814e+08 	5.78829e+11 	
1 	0 	6.24751e+08 	5.75103e+11 	
1 	0 	6.42863e+08 	5.71007e+11 	
1 	0 	6.47312e+08 	5.70125e+11 	
1 	0 	6.5173e+08 	5.69299e+11 	
1 	0 	6.77637e+08 	5.65115e+11 	
1 	0 	6.81859e+08 	5.6454e+11 	
1 	0 	6.86055e+08 	5.6399e+11 	
1 	0 	6.98492e+08 	5.62492e+11 	
1 	0 	6.98492e+08 	5.62492e+11 	
1 	0 	7.14738e+08 	5.60818e+11 	
1 	0 	7.18743e+08 	5.60452e+11 	
1 	0 	7.4617e+08 	5.58429e+11 	
1 	0 	7.50007e+08 	5.58211e+11 	
1 	0 	7.57621e+08 	5.57822e+11 	
1 	0 	7.57621e+08 	5.57822e+11 	
1 	0 	7.614e+08 	5.57651e+11 	
1 	0 	7.72625e+08 	5.57252e+11 	
1 	0 	7.80019e+08 	5.57062e+11 	
1 	0 	7.9098e+08 	5.56901e+11 	
1 	0 	8.05362e+08 	5.5695e+11 	
1 	0 	8.15983e+08 	5.57166e+11 	
1 	0 	8.19493e+08 	5.57258e+11 	
1 	0 	8.47046e+08 	5.57855e+11 	
1 	0 	8.57151e+08 	5.58193e+11 	
1 	0 	8.63821e+08 	5.58459e+11 	
1 	0 	8.83531e+08 	5.596e+11 	
1 	0 	9.12297e+08 	5.61906e+11 	
1 	0 	9.24795e+08 	5.63095e+11 	
1 	0 	9.64294e+08 	5.67673e+11 	
1 	0 	9.70229e+08 	5.68479e+11 	
1 	0 	1.01928e+09 	5.7591e+11 	
1 	0 	1.07144e+09 	5.85299e+11 	
1 	1 	0 	0 	
1 	1 	7.57621e+07 	0 	
1 	1 	1.07144e+08 	0 	
1 	1 	1.51524e+08 	0 	
1 	1 	1.69409e+08 	0 	
1 	1 	2.14288e+08 	0 	
1 	1 	2.27286e+08 	0 	
1 	1 	2.39581e+08 	0 	
1 	1 	2.73164e+08 	5.18901e+12 	
1 	1 	3.03049e+08 	5.95546e+12 	
1 	1 	3.12375e+08 	6.08859e+12 	
1 	1 	3.21431e+08 	6.19962e+12 	
1 	1 	3.38819e+08 	6.38581e+12 	
1 	1 	3.78811e+08 	6.79447e+12 	
1 	1 	3.78811e+08 	6.79447e+12 	
1 	1 	3.86313e+08 	6.87332e+12 	
1 	1 	4.07992e+08 	7.10304e+12 	
1 	1 	4.28575e+08 	7.32464e+12 	
1 	1 	4.41765e+08 	7.46955e+12 	
1 	1 	4.54573e+08 	7.64557e+12 	
1 	1 	4.60843e+08 	7.73838e+12 	
1 	1 	4.79162e+08 	8.01467e+12 	
1 	1 	4.85114e+08 	8.10499e+12 	
1 	1 	5.08228e+08 	8.46929e+12 	
1 	1 	5.30335e+08 	8.82139e+12 	
1 	1 	5.35719e+08 	8.90818e+12 	
1 	1 	5.35719e+08 	8.90818e+12 	
1 	1 	5.46328e+08 	9.07948e+12 	
1 	1 	5.51557e+08 	9.16402e+12 	
1 	1 	5.76987e+08 	9.57673e+12 	
1 	1 	5.91721e+08 	9.81689e+12 	
1 	1 	6.06097e+08 	1.00524e+13 	
1 	1 	6.10814e+08 	1.01297e+13 	
1 	1 	6.10814e+08 	1.01297e+13 	
1 	1 	6.24751e+08 	1.03584e+13 	
1 	1 	6.42863e+08 	1.06559e+13 	
1 	1 	6.47312e+08 	1.0729e+13 	
1 	1 	6.5173e+08 	1.08016e+13 	
1 	1 	6.77637e+08 	1.12275e+13 	
1 	1 	6.81859e+08 	1.12969e+13 	
1 	1 	6.86055e+08 	1.13661e+13 	
1 	1 	6.98492e+08 	1.15714e+13 	
1 	1 	6.98492e+08 	1.15714e+13 	
1 	1 	7.14738e+08 	1.18412e+13 	
1 	1 	7.18743e+08 	1.19078e+13 	
1 	1 	7.4617e+08 	1.23643e+13 	
1 	1 	7.50007e+08 	1.24281e+13 	
1 	1 	7.57621e+08 	1.25547e+13 	
1 	1 	7.57621e+08 	1.25547e+13 	
1 	1 	7.614e+08 	1.26175e+13 	
1 	1 	7.72625e+08 	1.28039e+13 	
1 	1 	7.80019e+08 	1.29266e+13 	
1 	1 	7.9098e+08 	1.31084e+13 	
1 	1 	8.05362e+08 	1.33467e+13 	
1 	1 	8.15983e+08 	1.35224e+13 	
1 	1 	8.19493e+08 	1.35805e+13 	
1 	1 	8.47046e+08 	1.40357e+13 	
1 	1 	8.57151e+08 	1.42026e+13 	
1 	1 	8.63821e+08 	1.43127e+13 	
1 	1 	8.83531e+08 	1.4641e+13 	
1 	1 	9.12297e+08 	1.51242e+13 	
1 	1 	9.24795e+08 	1.53337e+13 	
1 	1 	9.64294e+08 	1.5995e+13 	
1 	1 	9.70229e+08 	1.6094e+13 	
1 	1 	1.01928e+09 	1.69097e+13 	
1 	1 	1.07144e+09 	1.77712e+13 	
1 	2 	0 	0 	
1 	2 	7.57621e+07 	0 	
1 	2 	1.07144e+08 	0 	
1 	2 	1.51524e+08 	0 	
1 	2 	1.69409e+08 	0 	
1 	2 	2.14288e+08 	0 	
1 	2 	2.27286e+08 	0 	
1 	2 	2.39581e+08 	0 	
1 	2 	2.73164e+08 	0 	
1 	2 	3.03049e+08 	0 	
1 	2 	3.12375e+08 	0 	
1 	2 	3.21431e+08 	2.44611e+12 	
1 	2 	3.38819e+08 	2.32905e+12 	
1 	2 	3.78811e+08 	2.08469e+12 	
1 	2 	3.78811e+08 	2.08469e+12 	
1 	2 	3.86313e+08 	2.05302e+12 	
1 	2 	4.07992e+08 	1.97598e+12 	
1 	2 	4.28575e+08 	1.91878e+12 	
1 	2 	4.41765e+08 	1.87501e+12 	
1 	2 	4.54573e+08 	1.83325e+12 	
1 	2 	4.60843e+08 	1.81378e+12 	
1 	2 	4.79162e+08 	1.76111e+12 	
1 	2 	4.85114e+08 	1.74556e+12 	
1 	2 	5.08228e+08 	1.69008e+12 	
1 	2 	5.30335e+08 	1.6438e+12 	
1 	2 	5.35719e+08 	1.63331e+12 	
1 	2 	5.35719e+08 	1.63331e+12 	
1 	2 	5.46328e+08 	1.61372e+12 	
1 	2 	5.51557e+08 	1.60475e+12 	
1 	2 	5.76987e+08 	1.56448e+12 	
1 	2 	5.91721e+08 	1.5438e+12 	
1 	2 	6.06097e+08 	1.52527e+12 	
1 	2 	6.10814e+08 	1.51969e+12 	
1 	2 	6.10814e+08 	1.51969e+12 	
1 	2 	6.24751e+08 	1.50407e+12 	
1 	2 	6.42863e+08 	1.48553e+12 	
1 	2 	6.47312e+08 	1.48126e+12 	
1 	2 	6.5173e+08 	1.47713e+12 	
1 	2 	6.77637e+08 	1.45498e+12 	
1 	2 	6.81859e+08 	1.45169e+12 	
1 	2 	6.86055e+08 	1.4485e+12 	
1 	2 	6.98492e+08 	1.4396e+12 	
1 	2 	6.98492e+08 	1.4396e+12 	
1 	2 	7.14738e+08 	1.42969e+12 	
1 	2 	7.18743e+08 	1.42766e+12 	
1 	2 	7.4617e+08 	1.41566e+12 	
1 	2 	7.50007e+08 	1.41426e+12 	
1 	2 	7.57621e+08 	1.41162e+12 	
1 	2 	7.57621e+08 	1.41162e+12 	
1 	2 	7.614e+08 	1.41039e+12 	
1 	2 	7.72625e+08 	1.40698e+12 	
1 	2 	7.80019e+08 	1.40496e+12 	
1 	2 	7.9098e+08 	1.40226e+12 	
1 	2 	8.05362e+08 	1.39925e+12 	
1 	2 	8.15983e+08 	1.3974e+12 	
1 	2 	8.19493e+08 	1.39685e+12 	
1 	2 	8.47046e+08 	1.3938e+12 	
1 	2 	8.57151e+08 	1.39325e+12 	
1 	2 	8.63821e+08 	1.39312e+12 	
1 	2 	8.83531e+08 	1.39361e+12 	
1 	2 	9.12297e+08 	1.39706e+12 	
1 	2 	9.24795e+08 	1.39906e+12 	
1 	2 	9.64294e+08 	1.40838e+12 	
1 	2 	9.70229e+08 	1.41008e+12 	
1 	2 	1.01928e+09 	1.42653e+12 	
1 	2 	1.07144e+09 	1.44901e+12 	
1 	3 	0 	0 	
1 	3 	7.57621e+07 	0 	
1 	3 	1.07144e+08 	0 	
1 	3 	1.51524e+08 	0 	
1 	3 	1.69409e+08 	0 	
1 	3 	2.14288e+08 	0 	
1 	3 	2.27286e+08 	0 	
1 	3 	2.39581e+08 	0 	
1 	3 	2.73164e+08 	0 	
1 	3 	3.03049e+08 	0 	
1 	3 	3.12375e+08 	0 	
1 	3 	3.21431e+08 	0 	
1 	3 	3.38819e+08 	0 	
1 	3 	3.78811e+08 	0 	
1 	3 	3.78811e+08 	0 	
1 	3 	3.86313e+08 	0 	
1 	3 	4.07992e+08 	0 	
1 	3 	4.28575e+08 	0 	
1 	3 	4.41765e+08 	0 	
1 	3 	4.54573e+08 	0 	
1 	3 	4.60843e+08 	0 	
1 	3 	4.79162e+08 	0 	
1 	3 	4.85114e+08 	0 	
1 	3 	5.08228e+08 	0 	
1 	3 	5.30335e+08 	0 	
1 	3 	5.35719e+08 	0 	
1 	3 	5.35719e+08 	0 	
1 	3 	5.46328e+08 	0 	
1 	3 	5.51557e+08 	0 	
1 	3 	5.76987e+08 	5.68467e+11 	
1 	3 	5.91721e+08 	5.70611e+11 	
1 	3 	6.06097e+08 	5.70708e+11 	
1 	3 	6.10814e+08 	5.70695e+11 	
1 	3 	6.10814e+08 	5.70695e+11 	
1 	3 	6.24751e+08 	5.7084e+11 	
1 	3 	6.42863e+08 	5.71005e+11 	
1 	3 	6.47312e+08 	5.71032e+11 	
1 	3 	6.5173e+08 	5.7106e+11 	
1 	3 	6.77637e+08 	5.71762e+11 	
1 	3 	6.81859e+08 	5.71895e+11 	
1 	3 	6.86055e+08 	5.72033e+11 	
1 	3 	6.98492e+08 	5.72502e+11 	
1 	3 	6.98492e+08 	5.72502e+11 	
1 	3 	7.14738e+08 	5.73325e+11 	
1 	3 	7.18743e+08 	5.73609e+11 	
1 	3 	7.4617e+08 	5.75762e+11 	
1 	3 	7.50007e+08 	5.7609e+11 	
1 	3 	7.57621e+08 	5.76759e+11 	
1 	3 	7.57621e+08 	5.76759e+11 	
1 	3 	7.614e+08 	5.77101e+11 	
1 	3 	7.72625e+08 	5.78158e+11 	
1 	3 	7.80019e+08 	5.78886e+11 	
1 	3 	7.9098e+08 	5.80071e+11 	
1 	3 	8.05362e+08 	5.82034e+11 	
1 	3 	8.15983e+08 	5.83595e+11 	
1 	3 	8.19493e+08 	5.84122e+11 	
1 	3 	8.47046e+08 	5.88566e+11 	
1 	3 	8.57151e+08 	5.90323e+11 	
1 	3 	8.63821e+08 	5.91504e+11 	
1 	3 	8.83531e+08 	5.94811e+11 	
1 	3 	9.12297e+08 	5.99749e+11 	
1 	3 	9.24795e+08 	6.01981e+11 	
1 	3 	9.64294e+08 	6.09701e+11 	
1 	3 	9.70229e+08 	6.10955e+11 	
1 	3 	1.01928e+09 	6.21793e+11 	
1 	3 	1.07144e+09 	6.33726e+11 	
1 	4 	0 	0 	
1 	4 	7.57621e+07 	0 	
1 	4 	1.07144e+08 	0 	
1 	4 	1.51524e+08 	0 	
1 	4 	1.69409e+08 	0 	
1 	4 	2.14288e+08 	0 	
1 	4 	2.27286e+08 	0 	
1 	4 	2.39581e+08 	0 	
1 	4 	2.73164e+08 	0 	
1 	4 	3.03049e+08 	0 	
1 	4 	3.12375e+08 	0 	
1 	4 	3.21431e+08 	0 	
1 	4 	3.38819e+08 	0 	
1 	4 	3.78811e+08 	0 	
1 	4 	3.78811e+08 	0 	
1 	4 	3.86313e+08 	0 	
1 	4 	4.07992e+08 	0 	
1 	4 	4.28575e+08 	0 	
1 	4 	4.41765e+08 	0 	
1 	4 	4.54573e+08 	0 	
1 	4 	4.60843e+08 	0 	
1 	4 	4.79162e+08 	0 	
1 	4 	4.85114e+08 	0 	
1 	4 	5.08228e+08 	0 	
1 	4 	5.30335e+08 	0 	
1 	4 	5.35719e+08 	0 	
1 	4 	5.35719e+08 	0 	
1 	4 	5.46328e+08 	0 	
1 	4 	5.51557e+08 	0 	
1 	4 	5.76987e+08 	0 	
1 	4 	5.91721e+08 	0 	
1 	4 	6.06097e+08 	0 	
1 	4 	6.10814e+08 	0 	
1 	4 	6.10814e+08 	0 	
1 	4 	6.24751e+08 	0 	
1 	4 	6.42863e+08 	0 	
1 	4 	6.47312e+08 	0 	
1 	4 	6.5173e+08 	0 	
1 	4 	6.77637e+08 	0 	
1 	4 	6.81859e+08 	0 	
1 	4 	6.86055e+08 	0 	
1 	4 	6.98492e+08 	5.75467e+11 	
1 	4 	6.98492e+08 	5.75467e+11 	
1 	4 	7.14738e+08 	5.81546e+11 	
1 	4 	7.18743e+08 	5.82228e+11 	
1 	4 	7.4617e+08 	5.84097e+11 	
1 	4 	7.50007e+08 	5.8371e+11 	
1 	4 	7.57621e+08 	5.82986e+11 	
1 	4 	7.57621e+08 	5.82986e+11 	
1 	4 	7.614e+08 	5.82647e+11 	
1 	4 	7.72625e+08 	5.81724e+11 	
1 	4 	7.80019e+08 	5.81186e+11 	
1 	4 	7.9098e+08 	5.80498e+11 	
1 	4 	8.05362e+08 	5.79749e+11 	
1 	4 	8.15983e+08 	5.79289e+11 	
1 	4 	8.19493e+08 	5.79126e+11 	
1 	4 	8.47046e+08 	5.77816e+11 	
1 	4 	8.57151e+08 	5.77487e+11 	
1 	4 	8.63821e+08 	5.77303e+11 	
1 	4 	8.83531e+08 	5.76981e+11 	
1 	4 	9.12297e+08 	5.7708e+11 	
1 	4 	9.24795e+08 	5.77289e+11 	
1 	4 	9.64294e+08 	5.78442e+11 	
1 	4 	9.70229e+08 	5.78677e+11 	
1 	4 	1.01928e+09 	5.8155e+11 	
1 	4 	1.07144e+09 	5.86227e+11 	
1 	5 	0 	0 	
1 	5 	7.57621e+07 	0 	
1 	5 	1.07144e+08 	0 	
1 	5 	1.51524e+08 	0 	
1 	5 	1.69409e+08 	0 	
1 	5 	2.14288e+08 	0 	
1 	5 	2.27286e+08 	0 	
1 	5 	2.39581e+08 	0 	
1 	5 	2.73164e+08 	0 	
1 	5 	3.03049e+08 	0 	
1 	5 	3.12375e+08 	0 	
1 	5 	3.21431e+08 	0 	
1 	5 	3.38819e+08 	0 	
1 	5 	3.78811e+08 	0 	
1 	5 	3.78811e+08 	0 	
1 	5 	3.86313e+08 	0 	
1 	5 	4.07992e+08 	0 	
1 	5 	4.28575e+08 	0 	
1 	5 	4.41765e+08 	0 	
1 	5 	4.54573e+08 	0 	
1 	5 	4.60843e+08 	0 	
1 	5 	4.79162e+08 	0 	
1 	5 	4.85114e+08 	0 	
1 	5 	5.08228e+08 	0 	
1 	5 	5.30335e+08 	0 	
1 	5 	5.35719e+08 	0 	
1 	5 	5.35719e+08 	0 	
1 	5 	5.46328e+08 	0 	
1 	5 	5.51557e+08 	0 	
1 	5 	5.76987e+08 	0 	
1 	5 	5.91721e+08 	0 	
1 	5 	6.06097e+08 	0 	
1 	5 	6.10814e+08 	0 	
1 	5 	6.10814e+08 	0 	
1 	5 	6.24751e+08 	0 	
1 	5 	6.42863e+08 	0 	
1 	5 	6.47312e+08 	0 	
1 	5 	6.5173e+08 	0 	
1 	5 	6.77637e+08 	0 	
1 	5 	6.81859e+08 	0 	
1 	5 	6.86055e+08 	0 	
1 	5 	6.98492e+08 	0 	
1 	5 	6.98492e+08 	0 	
1 	5 	7.14738e+08 	0 	
1 	5 	7.18743e+08 	0 	
1 	5 	7.4617e+08 	0 	
1 	5 	7.50007e+08 	0 	
1 	5 	7.57621e+08 	0 	
1 	5 	7.57621e+08 	0 	
1 	5 	7.614e+08 	0 	
1 	5 	7.72625e+08 	0 	
1 	5 	7.80019e+08 	0 	
1 	5 	7.9098e+08 	0 	
1 	5 	8.05362e+08 	0 	
1 	5 	8.15983e+08 	0 	
1 	5 	8.19493e+08 	0 	
1 	5 	8.47046e+08 	0 	
1 	5 	8.57151e+08 	0 	
1 	5 	8.63821e+08 	0 	
1 	5 	8.83531e+08 	0 	
1 	5 	9.12297e+08 	3.01679e+11 	
1 	5 	9.24795e+08 	3.03422e+11 	
1 	5 	9.64294e+08 	3.05561e+11 	
1 	5 	9.70229e+08 	3.05813e+11 	
1 	5 	1.01928e+09 	3.08045e+11 	
1 	5 	1.07144e+09 	3.10783e+11 	
2 	0 	0 	1.13669e+12 	
2 	0 	7.57621e+07 	1.06763e+12 	
2 	0 	1.07144e+08 	1.02421e+12 	
2 	0 	1.51524e+08 	9.65123e+11 	
2 	0 	1.69409e+08 	9.43113e+11 	
2 	0 	2.14288e+08 	8.92163e+11 	
2 	0 	2.27286e+08 	8.78327e+11 	
2 	0 	2.39581e+08 	8.66023e+11 	
2 	0 	2.73164e+08 	8.35177e+11 	
2 	0 	3.03049e+08 	8.1108e+11 	
2 	0 	3.12375e+08 	8.04364e+11 	
2 	0 	3.21431e+08 	7.98188e+11 	
2 	0 	3.38819e+08 	7.87242e+11 	
2 	0 	3.78811e+08 	7.50175e+11 	
2 	0 	3.78811e+08 	7.50175e+11 	
2 	0 	3.86313e+08 	7.43888e+11 	
2 	0 	4.07992e+08 	7.25945e+11 	
2 	0 	4.28575e+08 	7.10001e+11 	
2 	0 	4.41765e+08 	7.00503e+11 	
2 	0 	4.54573e+08 	6.91893e+11 	
2 	0 	4.60843e+08 	6.8785e+11 	
2 	0 	4.79162e+08 	6.7666e+11 	
2 	0 	4.85114e+08 	6.73241e+11 	
2 	0 	5.08228e+08 	6.60885e+11 	
2 	0 	5.30335e+08 	6.50535e+11 	
2 	0 	5.35719e+08 	6.48184e+11 	
2 	0 	5.35719e+08 	6.48184e+11 	
2 	0 	5.46328e+08 	6.43732e+11 	
2 	0 	5.51557e+08 	6.41623e+11 	
2 	0 	5.76987e+08 	6.32138e+11 	
2 	0 	5.91721e+08 	6.27197e+11 	
2 	0 	6.06097e+08 	6.22746e+11 	
2 	0 	6.10814e+08 	6.21369e+11 	
2 	0 	6.10814e+08 	6.21369e+11 	
2 	0 	6.24751e+08 	6.17702e+11 	
2 	0 	6.42863e+08 	6.13541e+11 	
2 	0 	6.47312e+08 	6.12605e+11 	
2 	0 	6.5173e+08 	6.11704e+11 	
2 	0 	6.77637e+08 	6.07202e+11 	
2 	0 	6.81859e+08 	6.06555e+11 	
2 	0 	6.86055e+08 	6.05934e+11 	
2 	0 	6.98492e+08 	6.04222e+11 	
2 	0 	6.98492e+08 	6.04222e+11 	
2 	0 	7.14738e+08 	6.02269e+11 	
2 	0 	7.18743e+08 	6.01835e+11 	
2 	0 	7.4617e+08 	5.99347e+11 	
2 	0 	7.50007e+08 	5.99063e+11 	
2 	0 	7.57621e+08 	5.98564e+11 	
2 	0 	7.57621e+08 	5.98564e+11 	
2 	0 	7.614e+08 	5.98343e+11 	
2 	0 	7.72625e+08 	5.9777e+11 	
2 	0 	7.80019e+08 	5.97496e+11 	
2 	0 	7.9098e+08 	5.97235e+11 	
2 	0 	8.05362e+08 	5.97139e+11 	
2 	0 	8.15983e+08 	5.96914e+11 	
2 	0 	8.19493e+08 	5.96809e+11 	
2 	0 	8.47046e+08 	5.96359e+11 	
2 	0 	8.57151e+08 	5.96353e+11 	
2 	0 	8.63821e+08 	5.96457e+11 	
2 	0 	8.83531e+08 	5.97008e+11 	
2 	0 	9.12297e+08 	5.98395e+11 	
2 	0 	9.24795e+08 	5.99182e+11 	
2 	0 	9.64294e+08 	6.02658e+11 	
2 	0 	9.70229e+08 	6.03287e+11 	
2 	0 	1.01928e+09 	6.09297e+11 	
2 	0 	1.07144e+09 	6.17259e+11 	
2 	1 	0 	0 	
2 	1 	7.57621e+07 	0 	
2 	1 	1.07144e+08 	0 	
2 	1 	1.51524e+08 	0 	
2 	1 	1.69409e+08 	0 	
2 	1 	2.14288e+08 	3.04452e+12 	
2 	1 	2.27286e+08 	2.91421e+12 	
2 	1 	2.39581e+08 	2.7586e+12 	
2 	1 	2.73164e+08 	2.47907e+12 	
2 	1 	3.03049e+08 	2.26718e+12 	
2 	1 	3.12375e+08 	2.21497e+12 	
2 	1 	3.21431e+08 	2.16955e+12 	
2 	1 	3.38819e+08 	2.09399e+12 	
2 	1 	3.78811e+08 	1.96204e+12 	
2 	1 	3.78811e+08 	1.96204e+12 	
2 	1 	3.86313e+08 	1.94239e+12 	
2 	1 	4.07992e+08 	1.89222e+12 	
2 	1 	4.28575e+08 	1.85255e+12 	
2 	1 	4.41765e+08 	1.83095e+12 	
2 	1 	4.54573e+08 	1.79474e+12 	
2 	1 	4.60843e+08 	1.77637e+12 	
2 	1 	4.79162e+08 	1.72671e+12 	
2 	1 	4.85114e+08 	1.71187e+12 	
2 	1 	5.08228e+08 	1.65866e+12 	
2 	1 	5.30335e+08 	1.61497e+12 	
2 	1 	5.35719e+08 	1.60516e+12 	
2 	1 	5.35719e+08 	1.60516e+12 	
2 	1 	5.46328e+08 	1.58665e+12 	
2 	1 	5.51557e+08 	1.57797e+12 	
2 	1 	5.76987e+08 	1.5394e+12 	
2 	1 	5.91721e+08 	1.51993e+12 	
2 	1 	6.06097e+08 	1.50238e+12 	
2 	1 	6.10814e+08 	1.49692e+12 	
2 	1 	6.10814e+08 	1.49692e+12 	
2 	1 	6.24751e+08 	1.48159e+12 	
2 	1 	6.42863e+08 	1.46335e+12 	
2 	1 	6.47312e+08 	1.45914e+12 	
2 	1 	6.5173e+08 	1.45507e+12 	
2 	1 	6.77637e+08 	1.43347e+12 	
2 	1 	6.81859e+08 	1.43041e+12 	
2 	1 	6.86055e+08 	1.42745e+12 	
2 	1 	6.98492e+08 	1.41964e+12 	
2 	1 	6.98492e+08 	1.41964e+12 	
2 	1 	7.14738e+08 	1.41075e+12 	
2 	1 	7.18743e+08 	1.40878e+12 	
2 	1 	7.4617e+08 	1.39681e+12 	
2 	1 	7.50007e+08 	1.39534e+12 	
2 	1 	7.57621e+08 	1.39256e+12 	
2 	1 	7.57621e+08 	1.39256e+12 	
2 	1 	7.614e+08 	1.39125e+12 	
2 	1 	7.72625e+08 	1.38762e+12 	
2 	1 	7.80019e+08 	1.38543e+12 	
2 	1 	7.9098e+08 	1.38247e+12 	
2 	1 	8.05362e+08 	1.3791e+12 	
2 	1 	8.15983e+08 	1.37704e+12 	
2 	1 	8.19493e+08 	1.37642e+12 	
2 	1 	8.47046e+08 	1.37303e+12 	
2 	1 	8.57151e+08 	1.37246e+12 	
2 	1 	8.63821e+08 	1.3722e+12 	
2 	1 	8.83531e+08 	1.37277e+12 	
2 	1 	9.12297e+08 	1.37515e+12 	
2 	1 	9.24795e+08 	1.37706e+12 	
2 	1 	9.64294e+08 	1.38502e+12 	
2 	1 	9.70229e+08 	1.38644e+12 	
2 	1 	1.01928e+09 	1.40105e+12 	
2 	1 	1.07144e+09 	1.42078e+12 	
2 	2 	0 	0 	
2 	2 	7.57621e+07 	0 	
2 	2 	1.07144e+08 	0 	
2 	2 	1.51524e+08 	0 	
2 	2 	1.69409e+08 	0 	
2 	2 	2.14288e+08 	0 	
2 	2 	2.27286e+08 	0 	
2 	2 	2.39581e+08 	0 	
2 	2 	2.73164e+08 	4.6781e+12 	
2 	2 	3.03049e+08 	5.71973e+12 	
2 	2 	3.12375e+08 	5.87532e+12 	
2 	2 	3.21431e+08 	6.00296e+12 	
2 	2 	3.38819e+08 	6.21083e+12 	
2 	2 	3.78811e+08 	6.64403e+12 	
2 	2 	3.78811e+08 	6.64403e+12 	
2 	2 	3.86313e+08 	6.72444e+12 	
2 	2 	4.07992e+08 	6.95959e+12 	
2 	2 	4.28575e+08 	7.18462e+12 	
2 	2 	4.41765e+08 	7.3312e+12 	
2 	2 	4.54573e+08 	7.51132e+12 	
2 	2 	4.60843e+08 	7.60603e+12 	
2 	2 	4.79162e+08 	7.88725e+12 	
2 	2 	4.85114e+08 	7.97916e+12 	
2 	2 	5.08228e+08 	8.34825e+12 	
2 	2 	5.30335e+08 	8.70485e+12 	
2 	2 	5.35719e+08 	8.79266e+12 	
2 	2 	5.35719e+08 	8.79266e+12 	
2 	2 	5.46328e+08 	8.96594e+12 	
2 	2 	5.51557e+08 	9.05144e+12 	
2 	2 	5.76987e+08 	9.46874e+12 	
2 	2 	5.91721e+08 	9.71148e+12 	
2 	2 	6.06097e+08 	9.94944e+12 	
2 	2 	6.10814e+08 	1.00276e+13 	
2 	2 	6.10814e+08 	1.00276e+13 	
2 	2 	6.24751e+08 	1.02586e+13 	
2 	2 	6.42863e+08 	1.05592e+13 	
2 	2 	6.47312e+08 	1.0633e+13 	
2 	2 	6.5173e+08 	1.07064e+13 	
2 	2 	6.77637e+08 	1.11367e+13 	
2 	2 	6.81859e+08 	1.12069e+13 	
2 	2 	6.86055e+08 	1.12767e+13 	
2 	2 	6.98492e+08 	1.14841e+13 	
2 	2 	6.98492e+08 	1.14841e+13 	
2 	2 	7.14738e+08 	1.17565e+13 	
2 	2 	7.18743e+08 	1.18237e+13 	
2 	2 	7.4617e+08 	1.22843e+13 	
2 	2 	7.50007e+08 	1.23487e+13 	
2 	2 	7.57621e+08 	1.24765e+13 	
2 	2 	7.57621e+08 	1.24765e+13 	
2 	2 	7.614e+08 	1.25399e+13 	
2 	2 	7.72625e+08 	1.27281e+13 	
2 	2 	7.80019e+08 	1.28519e+13 	
2 	2 	7.9098e+08 	1.30355e+13 	
2 	2 	8.05362e+08 	1.3276e+13 	
2 	2 	8.15983e+08 	1.34535e+13 	
2 	2 	8.19493e+08 	1.35121e+13 	
2 	2 	8.47046e+08 	1.3972e+13 	
2 	2 	8.57151e+08 	1.41405e+13 	
2 	2 	8.63821e+08 	1.42517e+13 	
2 	2 	8.83531e+08 	1.45831e+13 	
2 	2 	9.12297e+08 	1.50703e+13 	
2 	2 	9.24795e+08 	1.52816e+13 	
2 	2 	9.64294e+08 	1.59483e+13 	
2 	2 	9.70229e+08 	1.60482e+13 	
2 	2 	1.01928e+09 	1.68711e+13 	
2 	2 	1.07144e+09 	1.77407e+13 	
2 	3 	0 	0 	
2 	3 	7.57621e+07 	0 	
2 	3 	1.07144e+08 	0 	
2 	3 	1.51524e+08 	0 	
2 	3 	1.69409e+08 	0 	
2 	3 	2.14288e+08 	0 	
2 	3 	2.27286e+08 	0 	
2 	3 	2.39581e+08 	0 	
2 	3 	2.73164e+08 	0 	
2 	3 	3.03049e+08 	0 	
2 	3 	3.12375e+08 	0 	
2 	3 	3.21431e+08 	0 	
2 	3 	3.38819e+08 	0 	
2 	3 	3.78811e+08 	0 	
2 	3 	3.78811e+08 	0 	
2 	3 	3.86313e+08 	0 	
2 	3 	4.07992e+08 	0 	
2 	3 	4.28575e+08 	0 	
2 	3 	4.41765e+08 	0 	
2 	3 	4.54573e+08 	0 	
2 	3 	4.60843e+08 	0 	
2 	3 	4.79162e+08 	0 	
2 	3 	4.85114e+08 	0 	
2 	3 	5.08228e+08 	0 	
2 	3 	5.30335e+08 	0 	
2 	3 	5.35719e+08 	0 	
2 	3 	5.35719e+08 	0 	
2 	3 	5.46328e+08 	4.88062e+11 	
2 	3 	5.51557e+08 	4.9e+11 	
2 	3 	5.76987e+08 	4.92999e+11 	
2 	3 	5.91721e+08 	4.9365e+11 	
2 	3 	6.06097e+08 	4.94192e+11 	
2 	3 	6.10814e+08 	4.94356e+11 	
2 	3 	6.10814e+08 	4.94356e+11 	
2 	3 	6.24751e+08 	4.94815e+11 	
2 	3 	6.42863e+08 	4.95453e+11 	
2 	3 	6.47312e+08 	4.95637e+11 	
2 	3 	6.5173e+08 	4.95824e+11 	
2 	3 	6.77637e+08 	4.9706e+11 	
2 	3 	6.81859e+08 	4.97302e+11 	
2 	3 	6.86055e+08 	4.97552e+11 	
2 	3 	6.98492e+08 	4.98343e+11 	
2 	3 	6.98492e+08 	4.98343e+11 	
2 	3 	7.14738e+08 	4.99597e+11 	
2 	3 	7.18743e+08 	4.99926e+11 	
2 	3 	7.4617e+08 	5.02397e+11 	
2 	3 	7.50007e+08 	5.02774e+11 	
2 	3 	7.57621e+08 	5.03544e+11 	
2 	3 	7.57621e+08 	5.03544e+11 	
2 	3 	7.614e+08 	5.03937e+11 	
2 	3 	7.72625e+08 	5.05149e+11 	
2 	3 	7.80019e+08 	5.06016e+11 	
2 	3 	7.9098e+08 	5.0741e+11 	
2 	3 	8.05362e+08 	5.09358e+11 	
2 	3 	8.15983e+08 	5.09234e+11 	
2 	3 	8.19493e+08 	5.08946e+11 	
2 	3 	8.47046e+08 	5.07139e+11 	
2 	3 	8.57151e+08 	5.06642e+11 	
2 	3 	8.63821e+08 	5.06361e+11 	
2 	3 	8.83531e+08 	5.05732e+11 	
2 	3 	9.12297e+08 	5.05251e+11 	
2 	3 	9.24795e+08 	5.05256e+11 	
2 	3 	9.64294e+08 	5.06232e+11 	
2 	3 	9.70229e+08 	5.0648e+11 	
2 	3 	1.01928e+09 	5.09457e+11 	
2 	3 	1.07144e+09 	5.14272e+11 	
2 	4 	0 	0 	
2 	4 	7.57621e+07 	0 	
2 	4 	1.07144e+08 	0 	
2 	4 	1.51524e+08 	0 	
2 	4 	1.69409e+08 	0 	
2 	4 	2.14288e+08 	0 	
2 	4 	2.27286e+08 	0 	
2 	4 	2.39581e+08 	0 	
2 	4 	2.73164e+08 	0 	
2 	4 	3.03049e+08 	0 	
2 	4 	3.12375e+08 	0 	
2 	4 	3.21431e+08 	0 	
2 	4 	3.38819e+08 	0 	
2 	4 	3.78811e+08 	0 	
2 	4 	3.78811e+08 	0 	
2 	4 	3.86313e+08 	0 	
2 	4 	4.07992e+08 	0 	
2 	4 	4.28575e+08 	0 	
2 	4 	4.41765e+08 	0 	
2 	4 	4.54573e+08 	0 	
2 	4 	4.60843e+08 	0 	
2 	4 	4.79162e+08 	0 	
2 	4 	4.85114e+08 	0 	
2 	4 	5.08228e+08 	0 	
2 	4 	5.30335e+08 	0 	
2 	4 	5.35719e+08 	0 	
2 	4 	5.35719e+08 	0 	
2 	4 	5.46328e+08 	0 	
2 	4 	5.51557e+08 	0 	
2 	4 	5.76987e+08 	0 	
2 	4 	5.91721e+08 	0 	
2 	4 	6.06097e+08 	0 	
2 	4 	6.10814e+08 	0 	
2 	4 	6.10814e+08 	0 	
2 	4 	6.24751e+08 	0 	
2 	4 	6.42863e+08 	0 	
2 	4 	6.47312e+08 	0 	
2 	4 	6.5173e+08 	0 	
2 	4 	6.77637e+08 	5.64818e+11 	
2 	4 	6.81859e+08 	5.65951e+11 	
2 	4 	6.86055e+08 	5.66824e+11 	
2 	4 	6.98492e+08 	5.68095e+11 	
2 	4 	6.98492e+08 	5.68095e+11 	
2 	4 	7.14738e+08 	5.67856e+11 	
2 	4 	7.18743e+08 	5.67768e+11 	
2 	4 	7.4617e+08 	5.67154e+11 	
2 	4 	7.50007e+08 	5.67082e+11 	
2 	4 	7.57621e+08 	5.6697e+11 	
2 	4 	7.57621e+08 	5.6697e+11 	
2 	4 	7.614e+08 	5.6692e+11 	
2 	4 	7.72625e+08 	5.66861e+11 	
2 	4 	7.80019e+08 	5.66857e+11 	
2 	4 	7.9098e+08 	5.66884e+11 	
2 	4 	8.05362e+08 	5.66982e+11 	
2 	4 	8.15983e+08 	5.67078e+11 	
2 	4 	8.19493e+08 	5.67111e+11 	
2 	4 	8.47046e+08 	5.67652e+11 	
2 	4 	8.57151e+08 	5.67985e+11 	
2 	4 	8.63821e+08 	5.68233e+11 	
2 	4 	8.83531e+08 	5.69136e+11 	
2 	4 	9.12297e+08 	5.70853e+11 	
2 	4 	9.24795e+08 	5.71698e+11 	
2 	4 	9.64294e+08 	5.74756e+11 	
2 	4 	9.70229e+08 	5.75283e+11 	
2 	4 	1.01928e+09 	5.80513e+11 	
2 	4 	1.07144e+09 	5.87276e+11 	
2 	5 	0 	0 	
2 	5 	7.57621e+07 	0 	
2 	5 	1.07144e+08 	0 	
2 	5 	1.51524e+08 	0 	
2 	5 	1.69409e+08 	0 	
2 	5 	2.14288e+08 	0 	
2 	5 	2.27286e+08 	0 	
2 	5 	2.39581e+08 	0 	
2 	5 	2.73164e+08 	0 	
2 	5 	3.03049e+08 	0 	
2 	5 	3.12375e+08 	0 	
2 	5 	3.21431e+08 	0 	
2 	5 	3.38819e+08 	0 	
2 	5 	3.78811e+08 	0 	
2 	5 	3.78811e+08 	0 	
2 	5 	3.86313e+08 	0 	
2 	5 	4.07992e+08 	0 	
2 	5 	4.28575e+08 	0 	
2 	5 	4.41765e+08 	0 	
2 	5 	4.54573e+08 	0 	
2 	5 	4.60843e+08 	0 	
2 	5 	4.79162e+08 	0 	
2 	5 	4.85114e+08 	0 	
2 	5 	5.08228e+08 	0 	
2 	5 	5.30335e+08 	0 	
2 	5 	5.35719e+08 	0 	
2 	5 	5.35719e+08 	0 	
2 	5 	5.46328e+08 	0 	
2 	5 	5.51557e+08 	0 	
2 	5 	5.76987e+08 	0 	
2 	5 	5.91721e+08 	0 	
2 	5 	6.06097e+08 	0 	
2 	5 	6.10814e+08 	0 	
2 	5 	6.10814e+08 	0 	
2 	5 	6.24751e+08 	0 	
2 	5 	6.42863e+08 	0 	
2 	5 	6.47312e+08 	0 	
2 	5 	6.5173e+08 	0 	
2 	5 	6.77637e+08 	0 	
2 	5 	6.81859e+08 	0 	
2 	5 	6.86055e+08 	0 	
2 	5 	6.98492e+08 	0 	
2 	5 	6.98492e+08 	0 	
2 	5 	7.14738e+08 	0 	
2 	5 	7.18743e+08 	0 	
2 	5 	7.4617e+08 	0 	
2 	5 	7.50007e+08 	0 	
2 	5 	7.57621e+08 	0 	
2 	5 	7.57621e+08 	0 	
2 	5 	7.614e+08 	0 	
2 	5 	7.72625e+08 	0 	
2 	5 	7.80019e+08 	0 	
2 	5 	7.9098e+08 	0 	
2 	5 	8.05362e+08 	0 	
2 	5 	8.15983e+08 	0 	
2 	5 	8.19493e+08 	0 	
2 	5 	8.47046e+08 	0 	
2 	5 	8.57151e+08 	0 	
2 	5 	8.63821e+08 	0 	
2 	5 	8.83531e+08 	3.04348e+11 	
2 	5 	9.12297e+08 	3.0655e+11 	
2 	5 	9.24795e+08 	3.07313e+11 	
2 	5 	9.64294e+08 	3.09499e+11 	
2 	5 	9.70229e+08 	3.09824e+11 	
2 	5 	1.01928e+09 	3.12603e+11 	
2 	5 	1.07144e+09 	3.15687e+11 	
3 	0 	0 	7.6632e+11 	
3 	0 	7.57621e+07 	7.6011e+11 	
3 	0 	1.07144e+08 	7.55945e+11 	
3 	0 	1.51524e+08 	7.49378e+11 	
3 	0 	1.69409e+08 	7.46478e+11 	
3 	0 	2.14288e+08 	7.39082e+11 	
3 	0 	2.27286e+08 	7.36849e+11 	
3 	0 	2.39581e+08 	7.34579e+11 	
3 	0 	2.73164e+08 	7.28449e+11 	
3 	0 	3.03049e+08 	7.23449e+11 	
3 	0 	3.12375e+08 	7.21992e+11 	
3 	0 	3.21431e+08 	7.2047e+11 	
3 	0 	3.38819e+08 	7.17658e+11 	
3 	0 	3.78811e+08 	7.12031e+11 	
3 	0 	3.78811e+08 	7.12031e+11 	
3 	0 	3.86313e+08 	7.11123e+11 	
3 	0 	4.07992e+08 	7.08756e+11 	
3 	0 	4.28575e+08 	7.06922e+11 	
3 	0 	4.41765e+08 	7.05936e+11 	
3 	0 	4.54573e+08 	7.05121e+11 	
3 	0 	4.60843e+08 	7.04774e+11 	
3 	0 	4.79162e+08 	7.03954e+11 	
3 	0 	4.85114e+08 	7.02975e+11 	
3 	0 	5.08228e+08 	6.97864e+11 	
3 	0 	5.30335e+08 	6.93286e+11 	
3 	0 	5.35719e+08 	6.92215e+11 	
3 	0 	5.35719e+08 	6.92215e+11 	
3 	0 	5.46328e+08 	6.90184e+11 	
3 	0 	5.51557e+08 	6.89223e+11 	
3 	0 	5.76987e+08 	6.84986e+11 	
3 	0 	5.91721e+08 	6.8286e+11 	
3 	0 	6.06097e+08 	6.80978e+11 	
3 	0 	6.10814e+08 	6.80401e+11 	
3 	0 	6.10814e+08 	6.80401e+11 	
3 	0 	6.24751e+08 	6.78812e+11 	
3 	0 	6.42863e+08 	6.77004e+11 	
3 	0 	6.47312e+08 	6.76603e+11 	
3 	0 	6.5173e+08 	6.76223e+11 	
3 	0 	6.77637e+08 	6.72832e+11 	
3 	0 	6.81859e+08 	6.72277e+11 	
3 	0 	6.86055e+08 	6.7174e+11 	
3 	0 	6.98492e+08 	6.7026e+11 	
3 	0 	6.98492e+08 	6.7026e+11 	
3 	0 	7.14738e+08 	6.68572e+11 	
3 	0 	7.18743e+08 	6.6821e+11 	
3 	0 	7.4617e+08 	6.66069e+11 	
3 	0 	7.50007e+08 	6.65814e+11 	
3 	0 	7.57621e+08 	6.6534e+11 	
3 	0 	7.57621e+08 	6.6534e+11 	
3 	0 	7.614e+08 	6.6512e+11 	
3 	0 	7.72625e+08 	6.6453e+11 	
3 	0 	7.80019e+08 	6.64204e+11 	
3 	0 	7.9098e+08 	6.63792e+11 	
3 	0 	8.05362e+08 	6.63377e+11 	
3 	0 	8.15983e+08 	6.63174e+11 	
3 	0 	8.19493e+08 	6.63128e+11 	
3 	0 	8.47046e+08 	6.63053e+11 	
3 	0 	8.57151e+08 	6.63149e+11 	
3 	0 	8.63821e+08 	6.6327e+11 	
3 	0 	8.83531e+08 	6.63938e+11 	
3 	0 	9.12297e+08 	6.65342e+11 	
3 	0 	9.24795e+08 	6.66104e+11 	
3 	0 	9.64294e+08 	0 	
3 	0 	9.70229e+08 	0 	
3 	0 	1.01928e+09 	0 	
3 	0 	1.07144e+09 	0 	
3 	1 	0 	8.43845e+11 	
3 	1 	7.57621e+07 	8.5556e+11 	
3 	1 	1.07144e+08 	8.5761e+11 	
3 	1 	1.51524e+08 	8.5725e+11 	
3 	1 	1.69409e+08 	8.48699e+11 	
3 	1 	2.14288e+08 	8.17627e+11 	
3 	1 	2.27286e+08 	8.08247e+11 	
3 	1 	2.39581e+08 	7.99352e+11 	
3 	1 	2.73164e+08 	7.75159e+11 	
3 	1 	3.03049e+08 	7.54159e+11 	
3 	1 	3.12375e+08 	7.47795e+11 	
3 	1 	3.21431e+08 	7.41761e+11 	
3 	1 	3.38819e+08 	7.30428e+11 	
3 	1 	3.78811e+08 	7.04926e+11 	
3 	1 	3.78811e+08 	7.04926e+11 	
3 	1 	3.86313e+08 	7.00382e+11 	
3 	1 	4.07992e+08 	6.87839e+11 	
3 	1 	4.28575e+08 	6.76717e+11 	
3 	1 	4.41765e+08 	6.69923e+11 	
3 	1 	4.54573e+08 	6.63635e+11 	
3 	1 	4.60843e+08 	6.60656e+11 	
3 	1 	4.79162e+08 	6.52348e+11 	
3 	1 	4.85114e+08 	6.49808e+11 	
3 	1 	5.08228e+08 	6.40432e+11 	
3 	1 	5.30335e+08 	6.32176e+11 	
3 	1 	5.35719e+08 	6.30269e+11 	
3 	1 	5.35719e+08 	6.30269e+11 	
3 	1 	5.46328e+08 	6.26627e+11 	
3 	1 	5.51557e+08 	6.24888e+11 	
3 	1 	5.76987e+08 	6.16947e+11 	
3 	1 	5.91721e+08 	6.12902e+11 	
3 	1 	6.06097e+08 	6.09387e+11 	
3 	1 	6.10814e+08 	6.08299e+11 	
3 	1 	6.10814e+08 	6.08299e+11 	
3 	1 	6.24751e+08 	6.05253e+11 	
3 	1 	6.42863e+08 	6.01744e+11 	
3 	1 	6.47312e+08 	6.00937e+11 	
3 	1 	6.5173e+08 	6.00157e+11 	
3 	1 	6.77637e+08 	5.95993e+11 	
3 	1 	6.81859e+08 	5.95379e+11 	
3 	1 	6.86055e+08 	5.94787e+11 	
3 	1 	6.98492e+08 	5.93134e+11 	
3 	1 	6.98492e+08 	5.93134e+11 	
3 	1 	7.14738e+08 	5.91198e+11 	
3 	1 	7.18743e+08 	5.90759e+11 	
3 	1 	7.4617e+08 	5.88203e+11 	
3 	1 	7.50007e+08 	5.87915e+11 	
3 	1 	7.57621e+08 	5.87409e+11 	
3 	1 	7.57621e+08 	5.87409e+11 	
3 	1 	7.614e+08 	5.87176e+11 	
3 	1 	7.72625e+08 	5.86485e+11 	
3 	1 	7.80019e+08 	5.86014e+11 	
3 	1 	7.9098e+08 	5.85395e+11 	
3 	1 	8.05362e+08 	5.84728e+11 	
3 	1 	8.15983e+08 	5.84337e+11 	
3 	1 	8.19493e+08 	5.84227e+11 	
3 	1 	8.47046e+08 	5.83841e+11 	
3 	1 	8.57151e+08 	5.83872e+11 	
3 	1 	8.63821e+08 	5.83939e+11 	
3 	1 	8.83531e+08 	5.84324e+11 	
3 	1 	9.12297e+08 	5.85355e+11 	
3 	1 	9.24795e+08 	5.86056e+11 	
3 	1 	9.64294e+08 	0 	
3 	1 	9.70229e+08 	0 	
3 	1 	1.01928e+09 	0 	
3 	1 	1.07144e+09 	0 	
3 	2 	0 	7.70162e+11 	
3 	2 	7.57621e+07 	7.81187e+11 	
3 	2 	1.07144e+08 	7.76309e+11 	
3 	2 	1.51524e+08 	7.49544e+11 	
3 	2 	1.69409e+08 	7.37679e+11 	
3 	2 	2.14288e+08 	7.06287e+11 	
3 	2 	2.27286e+08 	6.96968e+11 	
3 	2 	2.39581e+08 	6.88113e+11 	
3 	2 	2.73164e+08 	6.64206e+11 	
3 	2 	3.03049e+08 	6.43649e+11 	
3 	2 	3.12375e+08 	6.37429e+11 	
3 	2 	3.21431e+08 	6.3151e+11 	
3 	2 	3.38819e+08 	6.20468e+11 	
3 	2 	3.78811e+08 	5.96778e+11 	
3 	2 	3.78811e+08 	5.96778e+11 	
3 	2 	3.86313e+08 	5.92585e+11 	
3 	2 	4.07992e+08 	5.8098e+11 	
3 	2 	4.28575e+08 	5.70713e+11 	
3 	2 	4.41765e+08 	5.64513e+11 	
3 	2 	4.54573e+08 	5.58757e+11 	
3 	2 	4.60843e+08 	5.56033e+11 	
3 	2 	4.79162e+08 	5.4847e+11 	
3 	2 	4.85114e+08 	5.46123e+11 	
3 	2 	5.08228e+08 	5.37596e+11 	
3 	2 	5.30335e+08 	5.30173e+11 	
3 	2 	5.35719e+08 	5.28467e+11 	
3 	2 	5.35719e+08 	5.28467e+11 	
3 	2 	5.46328e+08 	5.25218e+11 	
3 	2 	5.51557e+08 	5.23672e+11 	
3 	2 	5.76987e+08 	5.16646e+11 	
3 	2 	5.91721e+08 	5.1294e+11 	
3 	2 	6.06097e+08 	5.09647e+11 	
3 	2 	6.10814e+08 	5.08625e+11 	
3 	2 	6.10814e+08 	5.08625e+11 	
3 	2 	6.24751e+08 	5.05791e+11 	
3 	2 	6.42863e+08 	5.02447e+11 	
3 	2 	6.47312e+08 	5.0169e+11 	
3 	2 	6.5173e+08 	5.00957e+11 	
3 	2 	6.77637e+08 	4.97043e+11 	
3 	2 	6.81859e+08 	4.96466e+11 	
3 	2 	6.86055e+08 	4.95908e+11 	
3 	2 	6.98492e+08 	4.94347e+11 	
3 	2 	6.98492e+08 	4.94347e+11 	
3 	2 	7.14738e+08 	4.92514e+11 	
3 	2 	7.18743e+08 	4.92097e+11 	
3 	2 	7.4617e+08 	4.8961e+11 	
3 	2 	7.50007e+08 	4.89314e+11 	
3 	2 	7.57621e+08 	4.88762e+11 	
3 	2 	7.57621e+08 	4.88762e+11 	
3 	2 	7.614e+08 	4.88508e+11 	
3 	2 	7.72625e+08 	4.87851e+11 	
3 	2 	7.80019e+08 	4.87475e+11 	
3 	2 	7.9098e+08 	4.87002e+11 	
3 	2 	8.05362e+08 	4.86461e+11 	
3 	2 	8.15983e+08 	4.86153e+11 	
3 	2 	8.19493e+08 	4.86067e+11 	
3 	2 	8.47046e+08 	4.85688e+11 	
3 	2 	8.57151e+08 	4.85702e+11 	
3 	2 	8.63821e+08 	4.85745e+11 	
3 	2 	8.83531e+08 	4.86042e+11 	
3 	2 	9.12297e+08 	4.86883e+11 	
3 	2 	9.24795e+08 	4.87404e+11 	
3 	2 	9.64294e+08 	0 	
3 	2 	9.70229e+08 	0 	
3 	2 	1.01928e+09 	0 	
3 	2 	1.07144e+09 	0 	
3 	3 	0 	0 	
3 	3 	7.57621e+07 	0 	
3 	3 	1.07144e+08 	0 	
3 	3 	1.51524e+08 	0 	
3 	3 	1.69409e+08 	0 	
3 	3 	2.14288e+08 	0 	
3 	3 	2.27286e+08 	0 	
3 	3 	2.39581e+08 	0 	
3 	3 	2.73164e+08 	0 	
3 	3 	3.03049e+08 	5.76596e+12 	
3 	3 	3.12375e+08 	5.98772e+12 	
3 	3 	3.21431e+08 	6.1517e+12 	
3 	3 	3.38819e+08 	6.39032e+12 	
3 	3 	3.78811e+08 	6.82956e+12 	
3 	3 	3.78811e+08 	6.82956e+12 	
3 	3 	3.86313e+08 	6.90352e+12 	
3 	3 	4.07992e+08 	7.13011e+12 	
3 	3 	4.28575e+08 	7.34283e+12 	
3 	3 	4.41765e+08 	7.4803e+12 	
3 	3 	4.54573e+08 	7.65598e+12 	
3 	3 	4.60843e+08 	7.74544e+12 	
3 	3 	4.79162e+08 	8.01163e+12 	
3 	3 	4.85114e+08 	8.09918e+12 	
3 	3 	5.08228e+08 	8.45285e+12 	
3 	3 	5.30335e+08 	8.79807e+12 	
3 	3 	5.35719e+08 	8.88326e+12 	
3 	3 	5.35719e+08 	8.88326e+12 	
3 	3 	5.46328e+08 	9.05214e+12 	
3 	3 	5.51557e+08 	9.13555e+12 	
3 	3 	5.76987e+08 	9.54332e+12 	
3 	3 	5.91721e+08 	9.78112e+12 	
3 	3 	6.06097e+08 	1.00147e+13 	
3 	3 	6.10814e+08 	1.00915e+13 	
3 	3 	6.10814e+08 	1.00915e+13 	
3 	3 	6.24751e+08 	1.03189e+13 	
3 	3 	6.42863e+08 	1.06151e+13 	
3 	3 	6.47312e+08 	1.0688e+13 	
3 	3 	6.5173e+08 	1.07604e+13 	
3 	3 	6.77637e+08 	1.11857e+13 	
3 	3 	6.81859e+08 	1.12551e+13 	
3 	3 	6.86055e+08 	1.13241e+13 	
3 	3 	6.98492e+08 	1.15297e+13 	
3 	3 	6.98492e+08 	1.15297e+13 	
3 	3 	7.14738e+08 	1.17999e+13 	
3 	3 	7.18743e+08 	1.18667e+13 	
3 	3 	7.4617e+08 	1.23254e+13 	
3 	3 	7.50007e+08 	1.23896e+13 	
3 	3 	7.57621e+08 	1.2517e+13 	
3 	3 	7.57621e+08 	1.2517e+13 	
3 	3 	7.614e+08 	1.25802e+13 	
3 	3 	7.72625e+08 	1.2768e+13 	
3 	3 	7.80019e+08 	1.28917e+13 	
3 	3 	7.9098e+08 	1.3075e+13 	
3 	3 	8.05362e+08 	1.33154e+13 	
3 	3 	8.15983e+08 	1.34929e+13 	
3 	3 	8.19493e+08 	1.35515e+13 	
3 	3 	8.47046e+08 	1.40119e+13 	
3 	3 	8.57151e+08 	1.41808e+13 	
3 	3 	8.63821e+08 	1.42923e+13 	
3 	3 	8.83531e+08 	1.4625e+13 	
3 	3 	9.12297e+08 	1.51164e+13 	
3 	3 	9.24795e+08 	1.53296e+13 	
3 	3 	9.64294e+08 	0 	
3 	3 	9.70229e+08 	0 	
3 	3 	1.01928e+09 	0 	
3 	3 	1.07144e+09 	0 	
3 	4 	0 	0 	
3 	4 	7.57621e+07 	0 	
3 	4 	1.07144e+08 	0 	
3 	4 	1.51524e+08 	0 	
3 	4 	1.69409e+08 	0 	
3 	4 	2.14288e+08 	0 	
3 	4 	2.27286e+08 	0 	
3 	4 	2.39581e+08 	0 	
3 	4 	2.73164e+08 	0 	
3 	4 	3.03049e+08 	0 	
3 	4 	3.12375e+08 	0 	
3 	4 	3.21431e+08 	0 	
3 	4 	3.38819e+08 	0 	
3 	4 	3.78811e+08 	0 	
3 	4 	3.78811e+08 	0 	
3 	4 	3.86313e+08 	0 	
3 	4 	4.07992e+08 	0 	
3 	4 	4.28575e+08 	0 	
3 	4 	4.41765e+08 	0 	
3 	4 	4.54573e+08 	0 	
3 	4 	4.60843e+08 	5.96304e+11 	
3 	4 	4.79162e+08 	6.05004e+11 	
3 	4 	4.85114e+08 	6.06679e+11 	
3 	4 	5.08228e+08 	6.10406e+11 	
3 	4 	5.30335e+08 	6.12112e+11 	
3 	4 	5.35719e+08 	6.12537e+11 	
3 	4 	5.35719e+08 	6.12537e+11 	
3 	4 	5.46328e+08 	6.12447e+11 	
3 	4 	5.51557e+08 	6.09058e+11 	
3 	4 	5.76987e+08 	5.93329e+11 	
3 	4 	5.91721e+08 	5.84794e+11 	
3 	4 	6.06097e+08 	5.77244e+11 	
3 	4 	6.10814e+08 	5.74884e+11 	
3 	4 	6.10814e+08 	5.74884e+11 	
3 	4 	6.24751e+08 	5.68142e+11 	
3 	4 	6.42863e+08 	5.59973e+11 	
3 	4 	6.47312e+08 	5.58069e+11 	
3 	4 	6.5173e+08 	5.5621e+11 	
3 	4 	6.77637e+08 	5.46293e+11 	
3 	4 	6.81859e+08 	5.44785e+11 	
3 	4 	6.86055e+08 	5.43313e+11 	
3 	4 	6.98492e+08 	5.39106e+11 	
3 	4 	6.98492e+08 	5.39106e+11 	
3 	4 	7.14738e+08 	5.33953e+11 	
3 	4 	7.18743e+08 	5.32741e+11 	
3 	4 	7.4617e+08 	5.25126e+11 	
3 	4 	7.50007e+08 	5.24189e+11 	
3 	4 	7.57621e+08 	5.22567e+11 	
3 	4 	7.57621e+08 	5.22567e+11 	
3 	4 	7.614e+08 	5.21787e+11 	
3 	4 	7.72625e+08 	5.19568e+11 	
3 	4 	7.80019e+08 	5.18192e+11 	
3 	4 	7.9098e+08 	5.1633e+11 	
3 	4 	8.05362e+08 	5.1408e+11 	
3 	4 	8.15983e+08 	5.12554e+11 	
3 	4 	8.19493e+08 	5.12074e+11 	
3 	4 	8.47046e+08 	5.08717e+11 	
3 	4 	8.57151e+08 	5.07662e+11 	
3 	4 	8.63821e+08 	5.07014e+11 	
3 	4 	8.83531e+08 	5.05351e+11 	
3 	4 	9.12297e+08 	5.04365e+11 	
3 	4 	9.24795e+08 	5.04318e+11 	
3 	4 	9.64294e+08 	0 	
3 	4 	9.70229e+08 	0 	
3 	4 	1.01928e+09 	0 	
3 	4 	1.07144e+09 	0 	
3 	5 	0 	0 	
3 	5 	7.57621e+07 	0 	
3 	5 	1.07144e+08 	0 	
3 	5 	1.51524e+08 	0 	
3 	5 	1.69409e+08 	0 	
3 	5 	2.14288e+08 	0 	
3 	5 	2.27286e+08 	0 	
3 	5 	2.39581e+08 	0 	
3 	5 	2.73164e+08 	0 	
3 	5 	3.03049e+08 	0 	
3 	5 	3.12375e+08 	0 	
3 	5 	3.21431e+08 	0 	
3 	5 	3.38819e+08 	0 	
3 	5 	3.78811e+08 	0 	
3 	5 	3.78811e+08 	0 	
3 	5 	3.86313e+08 	0 	
3 	5 	4.07992e+08 	0 	
3 	5 	4.28575e+08 	0 	
3 	5 	4.41765e+08 	0 	
3 	5 	4.54573e+08 	0 	
3 	5 	4.60843e+08 	0 	
3 	5 	4.79162e+08 	0 	
3 	5 	4.85114e+08 	0 	
3 	5 	5.08228e+08 	0 	
3 	5 	5.30335e+08 	0 	
3 	5 	5.35719e+08 	0 	
3 	5 	5.35719e+08 	0 	
3 	5 	5.46328e+08 	0 	
3 	5 	5.51557e+08 	0 	
3 	5 	5.76987e+08 	0 	
3 	5 	5.91721e+08 	0 	
3 	5 	6.06097e+08 	0 	
3 	5 	6.10814e+08 	0 	
3 	5 	6.10814e+08 	0 	
3 	5 	6.24751e+08 	0 	
3 	5 	6.42863e+08 	0 	
3 	5 	6.47312e+08 	0 	
3 	5 	6.5173e+08 	0 	
3 	5 	6.77637e+08 	6.79793e+11 	
3 	5 	6.81859e+08 	6.81807e+11 	
3 	5 	6.86055e+08 	6.83455e+11 	
3 	5 	6.98492e+08 	6.87283e+11 	
3 	5 	6.98492e+08 	6.87283e+11 	
3 	5 	7.14738e+08 	6.90085e+11 	
3 	5 	7.18743e+08 	6.90652e+11 	
3 	5 	7.4617e+08 	6.93549e+11 	
3 	5 	7.50007e+08 	6.93865e+11 	
3 	5 	7.57621e+08 	6.94547e+11 	
3 	5 	7.57621e+08 	6.94547e+11 	
3 	5 	7.614e+08 	6.9487e+11 	
3 	5 	7.72625e+08 	6.95936e+11 	
3 	5 	7.80019e+08 	6.96662e+11 	
3 	5 	7.9098e+08 	6.97693e+11 	
3 	5 	8.05362e+08 	6.98995e+11 	
3 	5 	8.15983e+08 	7.00048e+11 	
3 	5 	8.19493e+08 	7.0043e+11 	
3 	5 	8.47046e+08 	7.03751e+11 	
3 	5 	8.57151e+08 	7.05098e+11 	
3 	5 	8.63821e+08 	7.05999e+11 	
3 	5 	8.83531e+08 	7.08808e+11 	
3 	5 	9.12297e+08 	7.13199e+11 	
3 	5 	9.24795e+08 	7.15163e+11 	
3 	5 	9.64294e+08 	0 	
3 	5 	9.70229e+08 	0 	
3 	5 	1.01928e+09 	0 	
3 	5 	1.07144e+09 	0 	
4 	0 	0 	1.18024e+11 	
4 	0 	7.57621e+07 	1.19216e+11 	
4 	0 	1.07144e+08 	1.19646e+11 	
4 	0 	1.51524e+08 	1.1952e+11 	
4 	0 	1.69409e+08 	1.19238e+11 	
4 	0 	2.14288e+08 	1.18192e+11 	
4 	0 	2.27286e+08 	1.17865e+11 	
4 	0 	2.39581e+08 	1.17539e+11 	
4 	0 	2.73164e+08 	1.16599e+11 	
4 	0 	3.03049e+08 	1.15836e+11 	
4 	0 	3.12375e+08 	1.15614e+11 	
4 	0 	3.21431e+08 	1.15405e+11 	
4 	0 	3.38819e+08 	1.15021e+11 	
4 	0 	3.78811e+08 	1.1423e+11 	
4 	0 	3.78811e+08 	1.1423e+11 	
4 	0 	3.86313e+08 	1.14099e+11 	
4 	0 	4.07992e+08 	1.13754e+11 	
4 	0 	4.28575e+08 	1.13476e+11 	
4 	0 	4.41765e+08 	1.13324e+11 	
4 	0 	4.54573e+08 	1.13151e+11 	
4 	0 	4.60843e+08 	1.13065e+11 	
4 	0 	4.79162e+08 	1.12828e+11 	
4 	0 	4.85114e+08 	1.1276e+11 	
4 	0 	5.08228e+08 	1.12461e+11 	
4 	0 	5.30335e+08 	1.12131e+11 	
4 	0 	5.35719e+08 	1.12059e+11 	
4 	0 	5.35719e+08 	1.12059e+11 	
4 	0 	5.46328e+08 	1.11924e+11 	
4 	0 	5.51557e+08 	1.11861e+11 	
4 	0 	5.76987e+08 	1.1159e+11 	
4 	0 	5.91721e+08 	1.11459e+11 	
4 	0 	6.06097e+08 	1.11351e+11 	
4 	0 	6.10814e+08 	1.11319e+11 	
4 	0 	6.10814e+08 	1.11319e+11 	
4 	0 	6.24751e+08 	1.11237e+11 	
4 	0 	6.42863e+08 	1.11162e+11 	
4 	0 	6.47312e+08 	1.11149e+11 	
4 	0 	6.5173e+08 	1.1114e+11 	
4 	0 	6.77637e+08 	1.11127e+11 	
4 	0 	6.81859e+08 	1.11134e+11 	
4 	0 	6.86055e+08 	1.11142e+11 	
4 	0 	6.98492e+08 	1.11175e+11 	
4 	0 	6.98492e+08 	1.11175e+11 	
4 	0 	7.14738e+08 	1.11238e+11 	
4 	0 	7.18743e+08 	1.11258e+11 	
4 	0 	7.4617e+08 	1.11404e+11 	
4 	0 	7.50007e+08 	1.11429e+11 	
4 	0 	7.57621e+08 	1.11483e+11 	
4 	0 	7.57621e+08 	1.11483e+11 	
4 	0 	7.614e+08 	1.11512e+11 	
4 	0 	7.72625e+08 	1.11603e+11 	
4 	0 	7.80019e+08 	1.11672e+11 	
4 	0 	7.9098e+08 	1.11782e+11 	
4 	0 	8.05362e+08 	1.1194e+11 	
4 	0 	8.15983e+08 	1.12067e+11 	
4 	0 	8.19493e+08 	1.12111e+11 	
4 	0 	8.47046e+08 	0 	
4 	0 	8.57151e+08 	0 	
4 	0 	8.63821e+08 	0 	
4 	0 	8.83531e+08 	0 	
4 	0 	9.12297e+08 	0 	
4 	0 	9.24795e+08 	0 	
4 	0 	9.64294e+08 	0 	
4 	0 	9.70229e+08 	0 	
4 	0 	1.01928e+09 	0 	
4 	0 	1.07144e+09 	0 	
4 	1 	0 	7.00075e+11 	
4 	1 	7.57621e+07 	6.95687e+11 	
4 	1 	1.07144e+08 	6.91825e+11 	
4 	1 	1.51524e+08 	6.86364e+11 	
4 	1 	1.69409e+08 	6.84239e+11 	
4 	1 	2.14288e+08 	6.78324e+11 	
4 	1 	2.27286e+08 	6.76303e+11 	
4 	1 	2.39581e+08 	6.74346e+11 	
4 	1 	2.73164e+08 	6.68759e+11 	
4 	1 	3.03049e+08 	6.64135e+11 	
4 	1 	3.12375e+08 	6.62797e+11 	
4 	1 	3.21431e+08 	6.61549e+11 	
4 	1 	3.38819e+08 	6.59136e+11 	
4 	1 	3.78811e+08 	6.54128e+11 	
4 	1 	3.78811e+08 	6.54128e+11 	
4 	1 	3.86313e+08 	6.53327e+11 	
4 	1 	4.07992e+08 	6.51292e+11 	
4 	1 	4.28575e+08 	6.46519e+11 	
4 	1 	4.41765e+08 	6.42952e+11 	
4 	1 	4.54573e+08 	6.39637e+11 	
4 	1 	4.60843e+08 	6.38068e+11 	
4 	1 	4.79162e+08 	6.33689e+11 	
4 	1 	4.85114e+08 	6.32331e+11 	
4 	1 	5.08228e+08 	6.27368e+11 	
4 	1 	5.30335e+08 	6.2309e+11 	
4 	1 	5.35719e+08 	6.22082e+11 	
4 	1 	5.35719e+08 	6.22082e+11 	
4 	1 	5.46328e+08 	6.20115e+11 	
4 	1 	5.51557e+08 	6.19189e+11 	
4 	1 	5.76987e+08 	6.15042e+11 	
4 	1 	5.91721e+08 	6.12984e+11 	
4 	1 	6.06097e+08 	6.11157e+11 	
4 	1 	6.10814e+08 	6.10597e+11 	
4 	1 	6.10814e+08 	6.10597e+11 	
4 	1 	6.24751e+08 	6.09051e+11 	
4 	1 	6.42863e+08 	6.07285e+11 	
4 	1 	6.47312e+08 	6.06893e+11 	
4 	1 	6.5173e+08 	6.0652e+11 	
4 	1 	6.77637e+08 	6.04648e+11 	
4 	1 	6.81859e+08 	6.04235e+11 	
4 	1 	6.86055e+08 	6.03729e+11 	
4 	1 	6.98492e+08 	6.02308e+11 	
4 	1 	6.98492e+08 	6.02308e+11 	
4 	1 	7.14738e+08 	6.0069e+11 	
4 	1 	7.18743e+08 	6.00327e+11 	
4 	1 	7.4617e+08 	5.9827e+11 	
4 	1 	7.50007e+08 	5.98028e+11 	
4 	1 	7.57621e+08 	5.97579e+11 	
4 	1 	7.57621e+08 	5.97579e+11 	
4 	1 	7.614e+08 	5.9737e+11 	
4 	1 	7.72625e+08 	5.96808e+11 	
4 	1 	7.80019e+08 	5.96484e+11 	
4 	1 	7.9098e+08 	5.96089e+11 	
4 	1 	8.05362e+08 	5.95693e+11 	
4 	1 	8.15983e+08 	5.95486e+11 	
4 	1 	8.19493e+08 	5.95434e+11 	
4 	1 	8.47046e+08 	0 	
4 	1 	8.57151e+08 	0 	
4 	1 	8.63821e+08 	0 	
4 	1 	8.83531e+08 	0 	
4 	1 	9.12297e+08 	0 	
4 	1 	9.24795e+08 	0 	
4 	1 	9.64294e+08 	0 	
4 	1 	9.70229e+08 	0 	
4 	1 	1.01928e+09 	0 	
4 	1 	1.07144e+09 	0 	
4 	2 	0 	7.12131e+11 	
4 	2 	7.57621e+07 	7.17646e+11 	
4 	2 	1.07144e+08 	7.16748e+11 	
4 	2 	1.51524e+08 	7.13968e+11 	
4 	2 	1.69409e+08 	7.12732e+11 	
4 	2 	2.14288e+08 	7.09593e+11 	
4 	2 	2.27286e+08 	7.0872e+11 	
4 	2 	2.39581e+08 	7.07927e+11 	
4 	2 	2.73164e+08 	7.04837e+11 	
4 	2 	3.03049e+08 	7.02111e+11 	
4 	2 	3.12375e+08 	7.01348e+11 	
4 	2 	3.21431e+08 	7.00654e+11 	
4 	2 	3.38819e+08 	6.97823e+11 	
4 	2 	3.78811e+08 	6.82528e+11 	
4 	2 	3.78811e+08 	6.82528e+11 	
4 	2 	3.86313e+08 	6.79782e+11 	
4 	2 	4.07992e+08 	6.72108e+11 	
4 	2 	4.28575e+08 	6.65233e+11 	
4 	2 	4.41765e+08 	6.6106e+11 	
4 	2 	4.54573e+08 	6.57187e+11 	
4 	2 	4.60843e+08 	6.55346e+11 	
4 	2 	4.79162e+08 	6.50179e+11 	
4 	2 	4.85114e+08 	6.48568e+11 	
4 	2 	5.08228e+08 	6.42636e+11 	
4 	2 	5.30335e+08 	6.37443e+11 	
4 	2 	5.35719e+08 	6.36249e+11 	
4 	2 	5.35719e+08 	6.36249e+11 	
4 	2 	5.46328e+08 	6.34008e+11 	
4 	2 	5.51557e+08 	6.32948e+11 	
4 	2 	5.76987e+08 	6.28149e+11 	
4 	2 	5.91721e+08 	6.25665e+11 	
4 	2 	6.06097e+08 	6.23498e+11 	
4 	2 	6.10814e+08 	6.22827e+11 	
4 	2 	6.10814e+08 	6.22827e+11 	
4 	2 	6.24751e+08 	6.20963e+11 	
4 	2 	6.42863e+08 	6.18798e+11 	
4 	2 	6.47312e+08 	6.1831e+11 	
4 	2 	6.5173e+08 	6.17842e+11 	
4 	2 	6.77637e+08 	6.15435e+11 	
4 	2 	6.81859e+08 	6.15096e+11 	
4 	2 	6.86055e+08 	6.14774e+11 	
4 	2 	6.98492e+08 	6.13917e+11 	
4 	2 	6.98492e+08 	6.13917e+11 	
4 	2 	7.14738e+08 	6.12697e+11 	
4 	2 	7.18743e+08 	6.12366e+11 	
4 	2 	7.4617e+08 	6.10505e+11 	
4 	2 	7.50007e+08 	6.10301e+11 	
4 	2 	7.57621e+08 	6.09929e+11 	
4 	2 	7.57621e+08 	6.09929e+11 	
4 	2 	7.614e+08 	6.0976e+11 	
4 	2 	7.72625e+08 	6.09319e+11 	
4 	2 	7.80019e+08 	6.09078e+11 	
4 	2 	7.9098e+08 	6.08792e+11 	
4 	2 	8.05362e+08 	6.08584e+11 	
4 	2 	8.15983e+08 	6.08533e+11 	
4 	2 	8.19493e+08 	6.08532e+11 	
4 	2 	8.47046e+08 	0 	
4 	2 	8.57151e+08 	0 	
4 	2 	8.63821e+08 	0 	
4 	2 	8.83531e+08 	0 	
4 	2 	9.12297e+08 	0 	
4 	2 	9.24795e+08 	0 	
4 	2 	9.64294e+08 	0 	
4 	2 	9.70229e+08 	0 	
4 	2 	1.01928e+09 	0 	
4 	2 	1.07144e+09 	0 	
4 	3 	0 	1.15126e+12 	
4 	3 	7.57621e+07 	1.15519e+12 	
4 	3 	1.07144e+08 	1.1119e+12 	
4 	3 	1.51524e+08 	1.01322e+12 	
4 	3 	1.69409e+08 	9.79453e+11 	
4 	3 	2.14288e+08 	8.86627e+11 	
4 	3 	2.27286e+08 	8.60775e+11 	
4 	3 	2.39581e+08 	8.38524e+11 	
4 	3 	2.73164e+08 	7.88651e+11 	
4 	3 	3.03049e+08 	7.53446e+11 	
4 	3 	3.12375e+08 	7.44358e+11 	
4 	3 	3.21431e+08 	7.36063e+11 	
4 	3 	3.38819e+08 	7.21487e+11 	
4 	3 	3.78811e+08 	6.93892e+11 	
4 	3 	3.78811e+08 	6.93892e+11 	
4 	3 	3.86313e+08 	6.89607e+11 	
4 	3 	4.07992e+08 	6.75025e+11 	
4 	3 	4.28575e+08 	6.54169e+11 	
4 	3 	4.41765e+08 	6.42511e+11 	
4 	3 	4.54573e+08 	6.31899e+11 	
4 	3 	4.60843e+08 	6.26944e+11 	
4 	3 	4.79162e+08 	6.13568e+11 	
4 	3 	4.85114e+08 	6.09548e+11 	
4 	3 	5.08228e+08 	5.95018e+11 	
4 	3 	5.30335e+08 	5.82729e+11 	
4 	3 	5.35719e+08 	5.79936e+11 	
4 	3 	5.35719e+08 	5.79936e+11 	
4 	3 	5.46328e+08 	5.74771e+11 	
4 	3 	5.51557e+08 	5.72329e+11 	
4 	3 	5.76987e+08 	5.61337e+11 	
4 	3 	5.91721e+08 	5.55597e+11 	
4 	3 	6.06097e+08 	5.50406e+11 	
4 	3 	6.10814e+08 	5.48787e+11 	
4 	3 	6.10814e+08 	5.48787e+11 	
4 	3 	6.24751e+08 	5.44233e+11 	
4 	3 	6.42863e+08 	5.38903e+11 	
4 	3 	6.47312e+08 	5.37713e+11 	
4 	3 	6.5173e+08 	5.36562e+11 	
4 	3 	6.77637e+08 	5.30868e+11 	
4 	3 	6.81859e+08 	5.30065e+11 	
4 	3 	6.86055e+08 	5.29289e+11 	
4 	3 	6.98492e+08 	5.27121e+11 	
4 	3 	6.98492e+08 	5.27121e+11 	
4 	3 	7.14738e+08 	5.2457e+11 	
4 	3 	7.18743e+08 	5.23988e+11 	
4 	3 	7.4617e+08 	5.20479e+11 	
4 	3 	7.50007e+08 	5.20052e+11 	
4 	3 	7.57621e+08 	5.19248e+11 	
4 	3 	7.57621e+08 	5.19248e+11 	
4 	3 	7.614e+08 	5.1887e+11 	
4 	3 	7.72625e+08 	5.17829e+11 	
4 	3 	7.80019e+08 	5.17221e+11 	
4 	3 	7.9098e+08 	5.16415e+11 	
4 	3 	8.05362e+08 	5.15563e+11 	
4 	3 	8.15983e+08 	5.1508e+11 	
4 	3 	8.19493e+08 	5.14953e+11 	
4 	3 	8.47046e+08 	0 	
4 	3 	8.57151e+08 	0 	
4 	3 	8.63821e+08 	0 	
4 	3 	8.83531e+08 	0 	
4 	3 	9.12297e+08 	0 	
4 	3 	9.24795e+08 	0 	
4 	3 	9.64294e+08 	0 	
4 	3 	9.70229e+08 	0 	
4 	3 	1.01928e+09 	0 	
4 	3 	1.07144e+09 	0 	
4 	4 	0 	0 	
4 	4 	7.57621e+07 	0 	
4 	4 	1.07144e+08 	0 	
4 	4 	1.51524e+08 	0 	
4 	4 	1.69409e+08 	0 	
4 	4 	2.14288e+08 	0 	
4 	4 	2.27286e+08 	0 	
4 	4 	2.39581e+08 	0 	
4 	4 	2.73164e+08 	0 	
4 	4 	3.03049e+08 	6.64684e+12 	
4 	4 	3.12375e+08 	6.85591e+12 	
4 	4 	3.21431e+08 	7.0039e+12 	
4 	4 	3.38819e+08 	7.21181e+12 	
4 	4 	3.78811e+08 	7.5888e+12 	
4 	4 	3.78811e+08 	7.5888e+12 	
4 	4 	3.86313e+08 	7.65314e+12 	
4 	4 	4.07992e+08 	7.85336e+12 	
4 	4 	4.28575e+08 	8.04494e+12 	
4 	4 	4.41765e+08 	8.17017e+12 	
4 	4 	4.54573e+08 	8.33102e+12 	
4 	4 	4.60843e+08 	8.41256e+12 	
4 	4 	4.79162e+08 	8.65705e+12 	
4 	4 	4.85114e+08 	8.73807e+12 	
4 	4 	5.08228e+08 	9.06759e+12 	
4 	4 	5.30335e+08 	9.39245e+12 	
4 	4 	5.35719e+08 	9.47291e+12 	
4 	4 	5.35719e+08 	9.47291e+12 	
4 	4 	5.46328e+08 	9.63322e+12 	
4 	4 	5.51557e+08 	9.71256e+12 	
4 	4 	5.76987e+08 	1.01019e+13 	
4 	4 	5.91721e+08 	1.033e+13 	
4 	4 	6.06097e+08 	1.05548e+13 	
4 	4 	6.10814e+08 	1.06289e+13 	
4 	4 	6.10814e+08 	1.06289e+13 	
4 	4 	6.24751e+08 	1.08486e+13 	
4 	4 	6.42863e+08 	1.11354e+13 	
4 	4 	6.47312e+08 	1.12061e+13 	
4 	4 	6.5173e+08 	1.12764e+13 	
4 	4 	6.77637e+08 	1.169e+13 	
4 	4 	6.81859e+08 	1.17576e+13 	
4 	4 	6.86055e+08 	1.18249e+13 	
4 	4 	6.98492e+08 	1.20255e+13 	
4 	4 	6.98492e+08 	1.20255e+13 	
4 	4 	7.14738e+08 	1.229e+13 	
4 	4 	7.18743e+08 	1.23555e+13 	
4 	4 	7.4617e+08 	1.28059e+13 	
4 	4 	7.50007e+08 	1.28691e+13 	
4 	4 	7.57621e+08 	1.29944e+13 	
4 	4 	7.57621e+08 	1.29944e+13 	
4 	4 	7.614e+08 	1.30567e+13 	
4 	4 	7.72625e+08 	1.32416e+13 	
4 	4 	7.80019e+08 	1.33635e+13 	
4 	4 	7.9098e+08 	1.35443e+13 	
4 	4 	8.05362e+08 	1.37816e+13 	
4 	4 	8.15983e+08 	1.39569e+13 	
4 	4 	8.19493e+08 	1.40148e+13 	
4 	4 	8.47046e+08 	0 	
4 	4 	8.57151e+08 	0 	
4 	4 	8.63821e+08 	0 	
4 	4 	8.83531e+08 	0 	
4 	4 	9.12297e+08 	0 	
4 	4 	9.24795e+08 	0 	
4 	4 	9.64294e+08 	0 	
4 	4 	9.70229e+08 	0 	
4 	4 	1.01928e+09 	0 	
4 	4 	1.07144e+09 	0 	
4 	5 	0 	0 	
4 	5 	7.57621e+07 	0 	
4 	5 	1.07144e+08 	0 	
4 	5 	1.51524e+08 	0 	
4 	5 	1.69409e+08 	0 	
4 	5 	2.14288e+08 	0 	
4 	5 	2.27286e+08 	0 	
4 	5 	2.39581e+08 	0 	
4 	5 	2.73164e+08 	0 	
4 	5 	3.03049e+08 	0 	
4 	5 	3.12375e+08 	0 	
4 	5 	3.21431e+08 	0 	
4 	5 	3.38819e+08 	0 	
4 	5 	3.78811e+08 	0 	
4 	5 	3.78811e+08 	0 	
4 	5 	3.86313e+08 	0 	
4 	5 	4.07992e+08 	0 	
4 	5 	4.28575e+08 	0 	
4 	5 	4.41765e+08 	0 	
4 	5 	4.54573e+08 	0 	
4 	5 	4.60843e+08 	0 	
4 	5 	4.79162e+08 	0 	
4 	5 	4.85114e+08 	0 	
4 	5 	5.08228e+08 	0 	
4 	5 	5.30335e+08 	0 	
4 	5 	5.35719e+08 	0 	
4 	5 	5.35719e+08 	0 	
4 	5 	5.46328e+08 	0 	
4 	5 	5.51557e+08 	3.09872e+11 	
4 	5 	5.76987e+08 	3.19914e+11 	
4 	5 	5.91721e+08 	3.22394e+11 	
4 	5 	6.06097e+08 	3.24605e+11 	
4 	5 	6.10814e+08 	3.25292e+11 	
4 	5 	6.10814e+08 	3.25292e+11 	
4 	5 	6.24751e+08 	3.2709e+11 	
4 	5 	6.42863e+08 	3.29153e+11 	
4 	5 	6.47312e+08 	3.29695e+11 	
4 	5 	6.5173e+08 	3.30219e+11 	
4 	5 	6.77637e+08 	3.33064e+11 	
4 	5 	6.81859e+08 	3.33516e+11 	
4 	5 	6.86055e+08 	3.33968e+11 	
4 	5 	6.98492e+08 	3.35285e+11 	
4 	5 	6.98492e+08 	3.35285e+11 	
4 	5 	7.14738e+08 	3.37122e+11 	
4 	5 	7.18743e+08 	3.37571e+11 	
4 	5 	7.4617e+08 	3.40646e+11 	
4 	5 	7.50007e+08 	3.41078e+11 	
4 	5 	7.57621e+08 	3.4194e+11 	
4 	5 	7.57621e+08 	3.4194e+11 	
4 	5 	7.614e+08 	3.42369e+11 	
4 	5 	7.72625e+08 	3.43655e+11 	
4 	5 	7.80019e+08 	3.44585e+11 	
4 	5 	7.9098e+08 	3.46123e+11 	
4 	5 	8.05362e+08 	3.47924e+11 	
4 	5 	8.15983e+08 	3.4702e+11 	
4 	5 	8.19493e+08 	3.46745e+11 	
4 	5 	8.47046e+08 	0 	
4 	5 	8.57151e+08 	0 	
4 	5 	8.63821e+08 	0 	
4 	5 	8.83531e+08 	0 	
4 	5 	9.12297e+08 	0 	
4 	5 	9.24795e+08 	0 	
4 	5 	9.64294e+08 	0 	
4 	5 	9.70229e+08 	0 	
4 	5 	1.01928e+09 	0 	
4 	5 	1.07144e+09 	0 	
5 	0 	0 	4.39613e+11 	
5 	0 	7.57621e+07 	4.40735e+11 	
5 	0 	1.07144e+08 	4.40434e+11 	
5 	0 	1.51524e+08 	4.39872e+11 	
5 	0 	1.69409e+08 	4.39613e+11 	
5 	0 	2.14288e+08 	4.38879e+11 	
5 	0 	2.27286e+08 	4.38609e+11 	
5 	0 	2.39581e+08 	4.38295e+11 	
5 	0 	2.73164e+08 	4.37311e+11 	
5 	0 	3.03049e+08 	4.36487e+11 	
5 	0 	3.12375e+08 	4.36243e+11 	
5 	0 	3.21431e+08 	4.36013e+11 	
5 	0 	3.38819e+08 	4.3558e+11 	
5 	0 	3.78811e+08 	4.3441e+11 	
5 	0 	3.78811e+08 	4.3441e+11 	
5 	0 	3.86313e+08 	4.34212e+11 	
5 	0 	4.07992e+08 	4.33523e+11 	
5 	0 	4.28575e+08 	4.31962e+11 	
5 	0 	4.41765e+08 	4.30984e+11 	
5 	0 	4.54573e+08 	4.30062e+11 	
5 	0 	4.60843e+08 	4.29622e+11 	
5 	0 	4.79162e+08 	4.28376e+11 	
5 	0 	4.85114e+08 	4.27985e+11 	
5 	0 	5.08228e+08 	4.26531e+11 	
5 	0 	5.30335e+08 	4.25242e+11 	
5 	0 	5.35719e+08 	4.24943e+11 	
5 	0 	5.35719e+08 	4.24943e+11 	
5 	0 	5.46328e+08 	4.24373e+11 	
5 	0 	5.51557e+08 	4.24101e+11 	
5 	0 	5.76987e+08 	4.22866e+11 	
5 	0 	5.91721e+08 	4.22212e+11 	
5 	0 	6.06097e+08 	4.21641e+11 	
5 	0 	6.10814e+08 	4.21453e+11 	
5 	0 	6.10814e+08 	4.21453e+11 	
5 	0 	6.24751e+08 	4.20859e+11 	
5 	0 	6.42863e+08 	4.20154e+11 	
5 	0 	6.47312e+08 	0 	
5 	0 	6.5173e+08 	0 	
5 	0 	6.77637e+08 	0 	
5 	0 	6.81859e+08 	0 	
5 	0 	6.86055e+08 	0 	
5 	0 	6.98492e+08 	0 	
5 	0 	6.98492e+08 	0 	
5 	0 	7.14738e+08 	0 	
5 	0 	7.18743e+08 	0 	
5 	0 	7.4617e+08 	0 	
5 	0 	7.50007e+08 	0 	
5 	0 	7.57621e+08 	0 	
5 	0 	7.57621e+08 	0 	
5 	0 	7.614e+08 	0 	
5 	0 	7.72625e+08 	0 	
5 	0 	7.80019e+08 	0 	
5 	0 	7.9098e+08 	0 	
5 	0 	8.05362e+08 	0 	
5 	0 	8.15983e+08 	0 	
5 	0 	8.19493e+08 	0 	
5 	0 	8.47046e+08 	0 	
5 	0 	8.57151e+08 	0 	
5 	0 	8.63821e+08 	0 	
5 	0 	8.83531e+08 	0 	
5 	0 	9.12297e+08 	0 	
5 	0 	9.24795e+08 	0 	
5 	0 	9.64294e+08 	0 	
5 	0 	9.70229e+08 	0 	
5 	0 	1.01928e+09 	0 	
5 	0 	1.07144e+09 	0 	
5 	1 	0 	3.30845e+11 	
5 	1 	7.57621e+07 	3.33857e+11 	
5 	1 	1.07144e+08 	3.34451e+11 	
5 	1 	1.51524e+08 	3.34909e+11 	
5 	1 	1.69409e+08 	3.34897e+11 	
5 	1 	2.14288e+08 	3.34757e+11 	
5 	1 	2.27286e+08 	3.3448e+11 	
5 	1 	2.39581e+08 	3.33841e+11 	
5 	1 	2.73164e+08 	3.32076e+11 	
5 	1 	3.03049e+08 	3.30475e+11 	
5 	1 	3.12375e+08 	3.29969e+11 	
5 	1 	3.21431e+08 	3.29468e+11 	
5 	1 	3.38819e+08 	3.28516e+11 	
5 	1 	3.78811e+08 	3.2635e+11 	
5 	1 	3.78811e+08 	3.2635e+11 	
5 	1 	3.86313e+08 	3.25895e+11 	
5 	1 	4.07992e+08 	3.24604e+11 	
5 	1 	4.28575e+08 	3.23395e+11 	
5 	1 	4.41765e+08 	3.22632e+11 	
5 	1 	4.54573e+08 	3.21914e+11 	
5 	1 	4.60843e+08 	3.21573e+11 	
5 	1 	4.79162e+08 	3.20604e+11 	
5 	1 	4.85114e+08 	3.203e+11 	
5 	1 	5.08228e+08 	3.19194e+11 	
5 	1 	5.30335e+08 	3.18215e+11 	
5 	1 	5.35719e+08 	3.17988e+11 	
5 	1 	5.35719e+08 	3.17988e+11 	
5 	1 	5.46328e+08 	3.17555e+11 	
5 	1 	5.51557e+08 	3.17349e+11 	
5 	1 	5.76987e+08 	3.16415e+11 	
5 	1 	5.91721e+08 	3.15926e+11 	
5 	1 	6.06097e+08 	3.1549e+11 	
5 	1 	6.10814e+08 	3.15359e+11 	
5 	1 	6.10814e+08 	3.15359e+11 	
5 	1 	6.24751e+08 	3.15006e+11 	
5 	1 	6.42863e+08 	3.14613e+11 	
5 	1 	6.47312e+08 	0 	
5 	1 	6.5173e+08 	0 	
5 	1 	6.77637e+08 	0 	
5 	1 	6.81859e+08 	0 	
5 	1 	6.86055e+08 	0 	
5 	1 	6.98492e+08 	0 	
5 	1 	6.98492e+08 	0 	
5 	1 	7.14738e+08 	0 	
5 	1 	7.18743e+08 	0 	
5 	1 	7.4617e+08 	0 	
5 	1 	7.50007e+08 	0 	
5 	1 	7.57621e+08 	0 	
5 	1 	7.57621e+08 	0 	
5 	1 	7.614e+08 	0 	
5 	1 	7.72625e+08 	0 	
5 	1 	7.80019e+08 	0 	
5 	1 	7.9098e+08 	0 	
5 	1 	8.05362e+08 	0 	
5 	1 	8.15983e+08 	0 	
5 	1 	8.19493e+08 	0 	
5 	1 	8.47046e+08 	0 	
5 	1 	8.57151e+08 	0 	
5 	1 	8.63821e+08 	0 	
5 	1 	8.83531e+08 	0 	
5 	1 	9.12297e+08 	0 	
5 	1 	9.24795e+08 	0 	
5 	1 	9.64294e+08 	0 	
5 	1 	9.70229e+08 	0 	
5 	1 	1.01928e+09 	0 	
5 	1 	1.07144e+09 	0 	
5 	2 	0 	3.45597e+11 	
5 	2 	7.57621e+07 	3.49083e+11 	
5 	2 	1.07144e+08 	3.50197e+11 	
5 	2 	1.51524e+08 	3.51156e+11 	
5 	2 	1.69409e+08 	3.51455e+11 	
5 	2 	2.14288e+08 	3.50696e+11 	
5 	2 	2.27286e+08 	3.50216e+11 	
5 	2 	2.39581e+08 	3.49749e+11 	
5 	2 	2.73164e+08 	3.48421e+11 	
5 	2 	3.03049e+08 	3.47199e+11 	
5 	2 	3.12375e+08 	3.46815e+11 	
5 	2 	3.21431e+08 	3.46443e+11 	
5 	2 	3.38819e+08 	3.45733e+11 	
5 	2 	3.78811e+08 	3.44138e+11 	
5 	2 	3.78811e+08 	3.44138e+11 	
5 	2 	3.86313e+08 	3.43847e+11 	
5 	2 	4.07992e+08 	3.43008e+11 	
5 	2 	4.28575e+08 	3.42166e+11 	
5 	2 	4.41765e+08 	3.4165e+11 	
5 	2 	4.54573e+08 	3.41169e+11 	
5 	2 	4.60843e+08 	3.4094e+11 	
5 	2 	4.79162e+08 	3.40316e+11 	
5 	2 	4.85114e+08 	3.40123e+11 	
5 	2 	5.08228e+08 	3.39438e+11 	
5 	2 	5.30335e+08 	3.38886e+11 	
5 	2 	5.35719e+08 	3.38763e+11 	
5 	2 	5.35719e+08 	3.38763e+11 	
5 	2 	5.46328e+08 	3.38535e+11 	
5 	2 	5.51557e+08 	3.3843e+11 	
5 	2 	5.76987e+08 	3.37987e+11 	
5 	2 	5.91721e+08 	3.37784e+11 	
5 	2 	6.06097e+08 	3.37625e+11 	
5 	2 	6.10814e+08 	3.37582e+11 	
5 	2 	6.10814e+08 	3.37582e+11 	
5 	2 	6.24751e+08 	3.37488e+11 	
5 	2 	6.42863e+08 	3.37449e+11 	
5 	2 	6.47312e+08 	0 	
5 	2 	6.5173e+08 	0 	
5 	2 	6.77637e+08 	0 	
5 	2 	6.81859e+08 	0 	
5 	2 	6.86055e+08 	0 	
5 	2 	6.98492e+08 	0 	
5 	2 	6.98492e+08 	0 	
5 	2 	7.14738e+08 	0 	
5 	2 	7.18743e+08 	0 	
5 	2 	7.4617e+08 	0 	
5 	2 	7.50007e+08 	0 	
5 	2 	7.57621e+08 	0 	
5 	2 	7.57621e+08 	0 	
5 	2 	7.614e+08 	0 	
5 	2 	7.72625e+08 	0 	
5 	2 	7.80019e+08 	0 	
5 	2 	7.9098e+08 	0 	
5 	2 	8.05362e+08 	0 	
5 	2 	8.15983e+08 	0 	
5 	2 	8.19493e+08 	0 	
5 	2 	8.47046e+08 	0 	
5 	2 	8.57151e+08 	0 	
5 	2 	8.63821e+08 	0 	
5 	2 	8.83531e+08 	0 	
5 	2 	9.12297e+08 	0 	
5 	2 	9.24795e+08 	0 	
5 	2 	9.64294e+08 	0 	
5 	2 	9.70229e+08 	0 	
5 	2 	1.01928e+09 	0 	
5 	2 	1.07144e+09 	0 	
5 	3 	0 	9.57031e+11 	
5 	3 	7.57621e+07 	9.68509e+11 	
5 	3 	1.07144e+08 	9.70245e+11 	
5 	3 	1.51524e+08 	9.70671e+11 	
5 	3 	1.69409e+08 	9.70338e+11 	
5 	3 	2.14288e+08 	9.68588e+11 	
5 	3 	2.27286e+08 	9.67909e+11 	
5 	3 	2.39581e+08 	9.67225e+11 	
5 	3 	2.73164e+08 	9.65445e+11 	
5 	3 	3.03049e+08 	9.64331e+11 	
5 	3 	3.12375e+08 	9.64017e+11 	
5 	3 	3.21431e+08 	9.6374e+11 	
5 	3 	3.38819e+08 	9.61612e+11 	
5 	3 	3.78811e+08 	9.37939e+11 	
5 	3 	3.78811e+08 	9.37939e+11 	
5 	3 	3.86313e+08 	9.33624e+11 	
5 	3 	4.07992e+08 	9.21389e+11 	
5 	3 	4.28575e+08 	9.10229e+11 	
5 	3 	4.41765e+08 	9.03358e+11 	
5 	3 	4.54573e+08 	8.96924e+11 	
5 	3 	4.60843e+08 	8.9383e+11 	
5 	3 	4.79162e+08 	8.85013e+11 	
5 	3 	4.85114e+08 	8.82221e+11 	
5 	3 	5.08228e+08 	8.71736e+11 	
5 	3 	5.30335e+08 	8.62251e+11 	
5 	3 	5.35719e+08 	8.60023e+11 	
5 	3 	5.35719e+08 	8.60023e+11 	
5 	3 	5.46328e+08 	8.55787e+11 	
5 	3 	5.51557e+08 	8.53783e+11 	
5 	3 	5.76987e+08 	8.44951e+11 	
5 	3 	5.91721e+08 	8.40191e+11 	
5 	3 	6.06097e+08 	8.35886e+11 	
5 	3 	6.10814e+08 	8.34523e+11 	
5 	3 	6.10814e+08 	8.34523e+11 	
5 	3 	6.24751e+08 	8.30634e+11 	
5 	3 	6.42863e+08 	8.25891e+11 	
5 	3 	6.47312e+08 	0 	
5 	3 	6.5173e+08 	0 	
5 	3 	6.77637e+08 	0 	
5 	3 	6.81859e+08 	0 	
5 	3 	6.86055e+08 	0 	
5 	3 	6.98492e+08 	0 	
5 	3 	6.98492e+08 	0 	
5 	3 	7.14738e+08 	0 	
5 	3 	7.18743e+08 	0 	
5 	3 	7.4617e+08 	0 	
5 	3 	7.50007e+08 	0 	
5 	3 	7.57621e+08 	0 	
5 	3 	7.57621e+08 	0 	
5 	3 	7.614e+08 	0 	
5 	3 	7.72625e+08 	0 	
5 	3 	7.80019e+08 	0 	
5 	3 	7.9098e+08 	0 	
5 	3 	8.05362e+08 	0 	
5 	3 	8.15983e+08 	0 	
5 	3 	8.19493e+08 	0 	
5 	3 	8.47046e+08 	0 	
5 	3 	8.57151e+08 	0 	
5 	3 	8.63821e+08 	0 	
5 	3 	8.83531e+08 	0 	
5 	3 	9.12297e+08 	0 	
5 	3 	9.24795e+08 	0 	
5 	3 	9.64294e+08 	0 	
5 	3 	9.70229e+08 	0 	
5 	3 	1.01928e+09 	0 	
5 	3 	1.07144e+09 	0 	
5 	4 	0 	6.24966e+11 	
5 	4 	7.57621e+07 	6.35184e+11 	
5 	4 	1.07144e+08 	6.19704e+11 	
5 	4 	1.51524e+08 	5.88511e+11 	
5 	4 	1.69409e+08 	5.74418e+11 	
5 	4 	2.14288e+08 	5.43255e+11 	
5 	4 	2.27286e+08 	5.34907e+11 	
5 	4 	2.39581e+08 	5.2773e+11 	
5 	4 	2.73164e+08 	5.06527e+11 	
5 	4 	3.03049e+08 	4.86601e+11 	
5 	4 	3.12375e+08 	4.80522e+11 	
5 	4 	3.21431e+08 	4.7471e+11 	
5 	4 	3.38819e+08 	4.63932e+11 	
5 	4 	3.78811e+08 	4.41427e+11 	
5 	4 	3.78811e+08 	4.41427e+11 	
5 	4 	3.86313e+08 	4.37629e+11 	
5 	4 	4.07992e+08 	4.27046e+11 	
5 	4 	4.28575e+08 	4.17638e+11 	
5 	4 	4.41765e+08 	4.12041e+11 	
5 	4 	4.54573e+08 	4.06809e+11 	
5 	4 	4.60843e+08 	4.04319e+11 	
5 	4 	4.79162e+08 	3.97359e+11 	
5 	4 	4.85114e+08 	3.95189e+11 	
5 	4 	5.08228e+08 	3.87234e+11 	
5 	4 	5.30335e+08 	3.80242e+11 	
5 	4 	5.35719e+08 	3.78617e+11 	
5 	4 	5.35719e+08 	3.78617e+11 	
5 	4 	5.46328e+08 	3.75502e+11 	
5 	4 	5.51557e+08 	3.74009e+11 	
5 	4 	5.76987e+08 	3.67126e+11 	
5 	4 	5.91721e+08 	3.63416e+11 	
5 	4 	6.06097e+08 	3.60036e+11 	
5 	4 	6.10814e+08 	3.58986e+11 	
5 	4 	6.10814e+08 	3.58986e+11 	
5 	4 	6.24751e+08 	3.56092e+11 	
5 	4 	6.42863e+08 	3.52682e+11 	
5 	4 	6.47312e+08 	0 	
5 	4 	6.5173e+08 	0 	
5 	4 	6.77637e+08 	0 	
5 	4 	6.81859e+08 	0 	
5 	4 	6.86055e+08 	0 	
5 	4 	6.98492e+08 	0 	
5 	4 	6.98492e+08 	0 	
5 	4 	7.14738e+08 	0 	
5 	4 	7.18743e+08 	0 	
5 	4 	7.4617e+08 	0 	
5 	4 	7.50007e+08 	0 	
5 	4 	7.57621e+08 	0 	
5 	4 	7.57621e+08 	0 	
5 	4 	7.614e+08 	0 	
5 	4 	7.72625e+08 	0 	
5 	4 	7.80019e+08 	0 	
5 	4 	7.9098e+08 	0 	
5 	4 	8.05362e+08 	0 	
5 	4 	8.15983e+08 	0 	
5 	4 	8.19493e+08 	0 	
5 	4 	8.47046e+08 	0 	
5 	4 	8.57151e+08 	0 	
5 	4 	8.63821e+08 	0 	
5 	4 	8.83531e+08 	0 	
5 	4 	9.12297e+08 	0 	
5 	4 	9.24795e+08 	0 	
5 	4 	9.64294e+08 	0 	
5 	4 	9.70229e+08 	0 	
5 	4 	1.01928e+09 	0 	
5 	4 	1.07144e+09 	0 	
5 	5 	0 	0 	
5 	5 	7.57621e+07 	0 	
5 	5 	1.07144e+08 	0 	
5 	5 	1.51524e+08 	0 	
5 	5 	1.69409e+08 	0 	
5 	5 	2.14288e+08 	0 	
5 	5 	2.27286e+08 	0 	
5 	5 	2.39581e+08 	0 	
5 	5 	2.73164e+08 	0 	
5 	5 	3.03049e+08 	0 	
5 	5 	3.12375e+08 	5.26127e+12 	
5 	5 	3.21431e+08 	5.56769e+12 	
5 	5 	3.38819e+08 	5.99263e+12 	
5 	5 	3.78811e+08 	6.55893e+12 	
5 	5 	3.78811e+08 	6.55893e+12 	
5 	5 	3.86313e+08 	6.64459e+12 	
5 	5 	4.07992e+08 	6.88359e+12 	
5 	5 	4.28575e+08 	7.10237e+12 	
5 	5 	4.41765e+08 	7.25265e+12 	
5 	5 	4.54573e+08 	7.43026e+12 	
5 	5 	4.60843e+08 	7.51815e+12 	
5 	5 	4.79162e+08 	7.77871e+12 	
5 	5 	4.85114e+08 	7.86497e+12 	
5 	5 	5.08228e+08 	8.21138e+12 	
5 	5 	5.30335e+08 	8.55377e+12 	
5 	5 	5.35719e+08 	8.63757e+12 	
5 	5 	5.35719e+08 	8.63757e+12 	
5 	5 	5.46328e+08 	8.8051e+12 	
5 	5 	5.51557e+08 	8.88805e+12 	
5 	5 	5.76987e+08 	9.29349e+12 	
5 	5 	5.91721e+08 	9.5303e+12 	
5 	5 	6.06097e+08 	9.76282e+12 	
5 	5 	6.10814e+08 	9.83947e+12 	
5 	5 	6.10814e+08 	9.83947e+12 	
5 	5 	6.24751e+08 	1.00664e+13 	
5 	5 	6.42863e+08 	1.03623e+13 	
5 	5 	6.47312e+08 	0 	
5 	5 	6.5173e+08 	0 	
5 	5 	6.77637e+08 	0 	
5 	5 	6.81859e+08 	0 	
5 	5 	6.86055e+08 	0 	
5 	5 	6.98492e+08 	0 	
5 	5 	6.98492e+08 	0 	
5 	5 	7.14738e+08 	0 	
5 	5 	7.18743e+08 	0 	
5 	5 	7.4617e+08 	0 	
5 	5 	7.50007e+08 	0 	
5 	5 	7.57621e+08 	0 	
5 	5 	7.57621e+08 	0 	
5 	5 	7.614e+08 	0 	
5 	5 	7.72625e+08 	0 	
5 	5 	7.80019e+08 	0 	
5 	5 	7.9098e+08 	0 	
5 	5 	8.05362e+08 	0 	
5 	5 	8.15983e+08 	0 	
5 	5 	8.19493e+08 	0 	
5 	5 	8.47046e+08 	0 	
5 	5 	8.57151e+08 	0 	
5 	5 	8.63821e+08 	0 	
5 	5 	8.83531e+08 	0 	
5 	5 	9.12297e+08 	0 	
5 	5 	9.24795e+08 	0 	
5 	5 	9.64294e+08 	0 	
5 	5 	9.70229e+08 	0 	
5 	5 	1.01928e+09 	0 	
5 	5 	1.07144e+09 	0 	
