0.000000 
1.439154 
2.878309 
4.317463 
5.756618 
7.195772 
8.634926 
10.074081 
11.513235 
12.952390 
13.747712 
14.543034 
15.338356 
16.133678 
16.929000 
17.724322 
18.519644 
19.314966 
20.110288 
20.299650 
20.489013 
20.678375 
20.867737 
21.057100 
21.246462 
21.435825 
21.625187 
21.814550 
24.086899 
26.359247 
28.631596 
30.903945 
33.176294 
35.448643 
37.720991 
39.993340 
42.265689 
42.492924 
42.720159 
42.947394 
43.174629 
43.401864 
43.629098 
43.856333 
44.083568 
44.310803 
46.393790 
48.476776 
50.559763 
52.642750 
54.725736 
56.808723 
58.891710 
60.974696 
63.057683 
63.322790 
63.587897 
63.853005 
64.118112 
64.383219 
64.648327 
64.913434 
65.178541 
65.443649 
67.147910 
68.852171 
70.556432 
72.260693 
73.964955 
75.669216 
77.373477 
79.077738 
80.781999 
81.160724 
81.539449 
81.918173 
82.296898 
82.675623 
83.054348 
83.433073 
83.811797 
84.190522 
85.667549 
87.144575 
88.621602 
90.098629 
91.575655 
93.052682 
94.529709 
96.006735 
97.483762 
97.900359 
98.316956 
98.733553 
99.150151 
99.566748 
99.983345 
100.399942 
100.816540 
101.233137 
102.672291 
104.111446 
105.550600 
106.989755 
108.428909 
109.868063 
111.307218 
112.746372 
114.185527 
114.829359 
115.473191 
116.117023 
116.760855 
117.404687 
118.048519 
118.692351 
119.336183 
119.980016 
121.381298 
122.782580 
124.183862 
125.585144 
126.986427 
128.387709 
129.788991 
131.190273 
132.591555 
133.500495 
134.409434 
135.318374 
136.227313 
137.136253 
138.045192 
138.954132 
139.863071 
140.772011 
142.097547 
143.423084 
144.748620 
146.074157 
147.399694 
148.725230 
150.050767 
151.376304 
